0.00 1023
0.00 1023
0.00 1023
0.00 1021
0.00 1018
0.00 1021
0.00 1018
0.00 1023
0.00 1023
0.00 1023
0.00 1023
0.00 1023
0.00 1023
0.00 1023
0.00 1000
0.00 1023
0.00 1023
0.00 1023
0.00 1022
0.00 1020
0.00 1020
0.00 1020
0.00 1019
0.00 1019
0.00 1023
0.00 1023
0.00 1023
0.00 1023
0.00 1023
0.00 1023
0.00 1023
0.00 1020
0.00 1020
0.00 1020
0.00 1020
0.00 1019
0.00 1022
0.00 1023
0.00 1023
0.00 1023
0.00 1023
0.00 1023
0.00 1023
0.00 1022
0.00 1020
0.00 1021
0.00 1020
0.00 1021
0.00 1020
0.00 1023
0.00 1023
0.00 1023
0.00 1023
0.00 1023
0.00 1023
0.00 1023
0.00 1021
0.00 1020
0.00 1019
0.00 1022
0.00 1019
0.00 1023
0.00 1023
0.00 1023
0.00 1023
0.00 1023
0.00 1023
0.00 1023
0.00 1022
0.00 1021
0.00 1020
0.00 1020
0.00 1020
0.00 1021
0.00 1023
0.00 1023
0.00 1023
0.00 1023
0.00 1023
0.00 1023
0.00 1023
0.00 1021
0.00 1022
0.00 1020
0.00 1021
0.00 1021
0.00 1022
0.00 1023
0.00 1023
0.00 1023
0.00 1023
0.00 1023
0.00 1023
0.00 1022
0.00 1021
0.00 1019
0.00 1019
0.00 1019
0.00 1021
0.00 1023
0.00 1023
0.00 1023
0.00 1023
0.00 1023
0.00 1023
0.00 1023
0.00 1021
0.00 1021
0.00 1020
0.00 1020
0.00 1019
0.00 1023
0.00 1023
0.00 1023
0.00 1023
0.00 1023
0.00 1023
0.00 1023
0.00 1021
0.00 1021
0.00 1020
0.00 1020
0.00 1020
0.00 1021
0.00 1023
0.00 1023
0.00 1023
0.00 1023
0.00 1023
0.00 1023
0.00 1023
0.00 1022
0.00 1021
0.00 1019
0.00 1019
0.00 1020
0.00 1023
0.00 1023
0.00 1023
0.00 1023
0.00 1023
0.00 1023
0.00 1023
0.00 1023
0.00 1020
0.00 1021
0.00 1020
0.00 1020
0.00 1021
0.00 1023
0.00 1023
0.00 1023
0.00 1023
0.00 1023
0.00 1023
0.00 1023
0.00 1022
0.00 1021
0.00 1020
0.00 1019
0.00 1019
0.00 1023
0.00 1023
0.00 1023
0.00 1023
0.00 1023
0.00 1023
0.00 1023
0.00 1022
0.00 1021
0.00 1020
0.00 1019
0.00 1019
0.00 1021
0.00 1023
0.00 1023
0.00 1023
0.00 1023
0.00 1023
0.00 1023
0.00 1023
0.00 1021
0.00 1021
0.00 1020
0.00 1018
0.00 1019
0.00 1023
0.00 1023
0.00 1023
0.00 1023
0.00 1023
0.00 1023
0.00 1023
0.00 1022
0.00 1021
0.00 1021
0.00 1020
0.00 1020
0.00 1021
0.00 1023
0.00 1023
0.00 1023
0.00 1023
0.00 1023
0.00 1023
0.00 1023
0.00 1021
0.00 1022
0.00 1021
0.00 1019
0.00 1019
0.00 1023
0.00 1023
0.00 1023
0.00 1023
0.00 1023
0.00 1023
0.00 1023
0.00 1021
0.00 1021
0.00 1020
0.00 1021
0.00 1019
0.00 1021
0.00 1023
0.00 1023
0.00 1023
0.00 1023
0.00 1023
0.00 1023
0.00 1023
0.00 1021
0.00 1021
0.00 1021
0.00 1020
0.00 1021
0.00 1023
0.00 1023
0.00 1023
0.00 1023
0.00 1023
0.00 1023
0.00 1023
0.00 1022
0.00 1022
0.00 1022
0.00 1021
0.00 1021
0.00 1023
0.00 1023
0.00 1023
0.00 1023
0.00 1023
0.00 1023
0.00 1023
0.00 1023
0.00 1022
0.00 1023
0.00 1023
0.00 1022
0.00 1023
0.00 1023
0.00 1023
0.00 1023
0.00 1023
0.00 1023
0.00 1023
0.00 1023
0.00 1023
0.00 1023
0.00 998
0.00 837
0.00 706
252.45 579
252.45 484
252.45 376
252.45 296
252.45 285
252.45 275
252.45 274
252.45 283
252.45 291
252.45 283
252.45 278
252.45 273
252.45 271
252.45 272
252.45 274
252.45 278
252.45 281
252.45 283
252.45 283
252.45 283
252.45 281
252.45 277
252.45 270
252.45 270
252.45 270
252.45 272
252.45 274
252.45 276
252.45 275
252.45 275
252.45 274
252.45 273
252.45 272
252.45 270
252.45 271
252.45 269
252.45 269
252.45 269
252.45 267
252.45 268
252.45 267
252.45 267
252.45 265
252.45 263
252.45 263
252.45 261
252.45 262
252.45 260
252.45 260
252.45 262
252.45 261
252.45 261
252.45 263
252.45 261
252.45 259
252.45 259
252.45 259
252.45 256
252.45 257
252.45 257
252.45 257
252.45 256
252.45 256
252.45 253
252.45 252
252.45 250
252.45 249
252.45 245
252.45 242
252.45 241
252.45 239
252.45 237
252.45 235
252.45 236
252.45 235
252.45 233
252.45 233
252.45 231
252.45 230
252.45 228
252.45 226
252.45 223
252.45 222
252.45 221
252.45 220
252.45 220
252.45 219
252.45 219
252.45 218
252.45 217
252.45 214
252.45 210
252.45 210
252.45 207
252.45 207
252.45 203
252.45 202
252.45 203
252.45 201
252.45 200
252.45 199
252.45 199
252.45 197
252.45 196
252.45 194
252.45 194
252.45 193
252.45 192
252.45 192
252.45 191
252.45 191
252.45 193
252.45 191
252.45 189
252.45 188
252.45 187
252.45 186
252.45 185
252.45 184
252.45 183
252.45 184
252.45 184
252.45 184
252.45 184
252.45 183
252.45 181
252.45 181
252.45 179
252.45 177
252.45 177
252.45 175
252.45 177
252.45 176
252.45 177
252.45 176
252.45 176
252.45 174
252.45 173
252.45 173
252.45 171
252.45 169
252.45 169
252.45 169
252.45 169
252.45 171
252.45 170
252.45 171
252.45 171
252.45 170
252.45 170
252.45 169
252.45 168
252.45 167
252.45 168
252.45 166
252.45 167
252.45 166
252.45 166
252.45 165
252.45 166
252.45 165
252.45 162
252.45 164
252.45 163
252.45 162
252.45 162
252.45 161
252.45 161
252.45 162
252.45 162
252.45 163
252.45 162
252.45 163
252.45 163
252.45 163
252.45 163
252.45 159
252.45 160
252.45 160
252.45 162
252.45 161
252.45 163
252.45 163
252.45 164
252.45 162
252.45 162
252.45 161
252.45 161
252.45 160
252.45 160
252.45 159
252.45 161
252.45 161
252.45 162
252.45 161
252.45 161
252.45 161
252.45 160
252.45 159
252.45 158
252.45 157
252.45 157
252.45 159
252.45 158
252.45 158
252.45 159
252.45 160
252.45 159
252.45 159
252.45 159
252.45 158
252.45 156
252.45 156
252.45 157
252.45 157
252.45 157
252.45 158
252.45 159
252.45 160
252.45 160
252.45 158
252.45 158
252.45 156
252.45 156
252.45 156
252.45 155
252.45 155
252.45 156
252.45 157
252.45 157
252.45 158
252.45 158
252.45 158
252.45 158
252.45 158
252.45 156
252.45 156
252.45 156
252.45 156
252.45 155
252.45 156
252.45 158
252.45 158
252.45 157
252.45 156
252.45 156
252.45 155
252.45 153
252.45 154
252.45 155
252.45 155
252.45 155
252.45 156
252.45 156
252.45 157
252.45 156
252.45 154
252.45 153
252.45 155
252.45 152
252.45 153
252.45 153
252.45 154
252.45 153
252.45 154
252.45 156
252.45 154
252.45 154
252.45 155
252.45 153
252.45 154
252.45 152
252.45 151
252.45 152
252.45 153
252.45 152
252.45 152
252.45 154
252.45 153
252.45 155
252.45 152
252.45 152
252.45 151
252.45 151
252.45 150
252.45 151
252.45 152
252.45 152
252.45 152
252.45 153
252.45 153
252.45 152
252.45 152
252.45 151
252.45 151
252.45 149
252.45 151
252.45 150
252.45 150
252.45 152
252.45 151
252.45 151
252.45 152
252.45 152
252.45 150
252.45 151
252.45 149
252.45 148
252.45 148
252.45 149
252.45 149
252.45 150
252.45 151
252.45 150
252.45 150
252.45 150
252.45 149
252.45 149
252.45 149
252.45 148
252.45 148
252.45 148
252.45 148
252.45 148
252.45 151
252.45 150
252.45 150
252.45 151
252.45 148
252.45 148
252.45 148
252.45 147
252.45 147
252.45 149
252.45 148
252.45 149
252.45 149
252.45 149
252.45 149
252.45 148
252.45 148
252.45 147
252.45 145
252.45 147
252.45 147
252.45 147
252.45 147
252.45 148
252.45 148
252.45 149
252.45 148
252.45 149
252.45 148
252.45 146
252.45 147
252.45 146
252.45 146
252.45 146
252.45 148
252.45 148
252.45 148
252.45 148
252.45 149
252.45 147
252.45 146
252.45 146
252.45 145
252.45 145
252.45 145
252.45 147
252.45 147
252.45 148

252.45 142
252.45 142
252.45 143
252.45 143
252.45 144
252.45 143
252.45 142
252.45 142
45 142
252.45 141
252.45 143
252.45 142
252.45 142
252.45 143
252.45 143
252.45 144
252.45 143
252.45 142
252.45 142
252.45 141
.45 141
252.45 143
252.45 142
252.45 142
252.45 143
252.45 143
252.45 144
252.45 143
252.45 142
252.45 142
252.45 141
252.45 140
252.45 141
252.45 141
252.45 142
252.45 143
252.45 145
252.45 144
252.45 144
252.45 143
252.45 141
252.45 141
252.45 141
252.45 139
252.45 140
252.45 141
252.45 142
252.45 143
252.45 143
252.45 143
252.45 144
252.45 142
252.45 142
252.45 142
252.45 141
252.45 141
252.45 140
252.45 141
252.45 142
252.45 143
252.45 144
252.45 144
252.45 144
252.45 144
252.45 143
252.45 141
252.45 141
252.45 142
252.45 142
252.45 142
252.45 143
252.45 144
252.45 143
252.45 144
252.45 143
252.45 144
252.45 142
252.45 142
252.45 141
252.45 141
252.45 140
252.45 143
252.45 143
252.45 143
252.45 144
252.45 142
252.45 144
252.45 143
252.45 142
252.45 141
252.45 139
252.45 140
252.45 142
252.45 142
252.45 142
252.45 143
252.45 144
252.45 143
252.45 142
252.45 142
252.45 142
252.45 141
252.45 140
252.45 140
252.45 140
252.45 141
252.45 142
252.45 143
252.45 142
252.45 143
252.45 143
252.45 141
252.45 143
252.45 140
252.45 140
252.45 140
252.45 141
252.45 142
252.45 142
252.45 142
252.45 142
252.45 143
252.45 143
252.45 141
252.45 141
252.45 140
252.45 141
252.45 140
252.45 141
252.45 141
252.45 142
252.45 142
252.45 142
252.45 143
252.45 142
252.45 142
252.45 141
252.45 140
252.45 141
252.45 141
252.45 139
252.45 141
252.45 142
252.45 143
252.45 143
252.45 141
252.45 141
252.45 140
252.45 141
252.45 139
252.45 139
252.45 140
252.45 140
252.45 140
252.45 142
252.45 141
252.45 141
252.45 141
252.45 140
252.45 140
252.45 139
252.45 140
252.45 139
252.45 140
252.45 139
252.45 140
252.45 141
252.45 141
252.45 142
252.45 141
252.45 142
252.45 139
252.45 138
252.45 138
252.45 138
252.45 139
252.45 140
252.45 140
252.45 140
252.45 142
252.45 141
252.45 140
252.45 140
252.45 139
252.45 139
252.45 138
252.45 138
252.45 139
252.45 141
252.45 142
252.45 141
252.45 141
252.45 143
252.45 142
252.45 141
252.45 140
252.45 139
252.45 138
252.45 139
252.45 140
252.45 141
252.45 141
252.45 141
252.45 142
252.45 143
252.45 142
252.45 141
252.45 140
252.45 140
252.45 139
252.45 140
252.45 141
252.45 141
252.45 142
252.45 142
252.45 142
252.45 144
252.45 142
252.45 142
252.45 142
252.45 140
252.45 141
252.45 141
252.45 141
252.45 142
252.45 143
252.45 144
252.45 144
252.45 144
252.45 144
252.45 142
252.45 142
252.45 140
252.45 142
252.45 143
252.45 143
252.45 143
252.45 143
252.45 144
252.45 144
252.45 145
252.45 143
252.45 142
252.45 143
252.45 142
252.45 142
252.45 142
252.45 144
252.45 144
252.45 143
252.45 144
252.45 144
252.45 145
252.45 144
252.45 144
252.45 144
252.45 144
252.45 143
252.45 144
252.45 144
252.45 144
252.45 145
252.45 145
252.45 145
252.45 144
252.45 145
252.45 143
252.45 143
252.45 142
252.45 143
252.45 143
252.45 142
252.45 143
252.45 143
252.45 143
252.45 143
252.45 144
252.45 143
252.45 143
252.45 141
252.45 143
252.45 141
252.45 141
252.45 141
252.45 143
252.45 144
252.45 143
252.45 145
252.45 144
252.45 142
252.45 141
252.45 142
252.45 141
252.45 141
252.45 142
252.45 143
252.45 143
252.45 142
252.45 143
252.45 144
252.45 143
252.45 141
252.45 141
252.45 141
252.45 140
252.45 141
252.45 141
252.45 142
252.45 143
252.45 144
252.45 144
252.45 142
252.45 142
252.45 142
252.45 141
252.45 140
252.45 143
252.45 141
252.45 143
252.45 143
252.45 142
252.45 143
252.45 143
252.45 143
252.45 144
252.45 142
252.45 142
252.45 141
252.45 141
252.45 141
252.45 141
252.45 142
252.45 143
252.45 143
252.45 143
252.45 143
252.45 142
252.45 142
252.45 141
252.45 139
252.45 140
252.45 140
252.45 141
252.45 142
252.45 143
252.45 143
252.45 144
252.45 143
252.45 142
252.45 142
252.45 139
252.45 140
252.45 141
252.45 140
252.45 141
252.455 142
252.41
252.45 140
252.45 141
252.45 142
252.45 143
252.45 143
252.45 144
252.45 143
252.45 144
252.45 142
252.45 142
252.45 141
45 140
252.45 141
252.45 142
252.45 143
252.45 143
252.45 144
252.45 143
252.45 144
252.45 142
252.45 142
252.45 141
252.45
252.45 141
252.45 142
252.45 143
252.45 143
252.45 144
252.45 143
252.45 144
252.45 142
252.45 142
252.45 141
252.45 143
252.45 141
252.45 141
252.45 142
252.45 142
252.45 144
252.45 144
252.45 143
252.45 143
252.45 142
252.45 142
252.45 139
252.45 142
252.45 140
252.45 140
252.45 142
252.45 143
252.45 143
252.45 142
252.45 143
252.45 143
252.45 141
252.45 142
252.45 141
252.45 140
252.45 140
252.45 140
252.45 140
252.45 141
252.45 142
252.45 142
252.45 142
252.45 141
252.45 143
252.45 140
252.45 140
252.45 139
252.45 140
252.45 140
252.45 141
252.45 142
252.45 143
252.45 142
252.45 143
252.45 142
252.45 141
252.45 141
252.45 140
252.45 140
252.45 140
252.45 140
252.45 141
252.45 143
252.45 142
252.45 144
252.45 144
252.45 144
252.45 144
252.45 143
252.45 143
252.45 142
252.45 144
252.45 145
252.45 146
252.45 148
252.45 149
252.45 150
252.45 152
252.45 151
252.45 152
252.45 152
252.45 152
252.45 154
252.45 156
252.45 158
252.45 160
252.45 164
252.45 167
252.45 172
252.45 174
252.45 178
252.45 182
252.45 187
252.45 193
252.45 202
252.45 212
252.45 223
252.45 244
252.45 265
252.45 346
249.93 905
247.43 1018
244.95 1017
242.50 1017
240.08 1016
237.68 1018
235.30 1012
232.95 1013
230.62 1016
228.31 1020
226.03 1023
223.77 1023
221.53 994
219.31 1018
217.12 1015
214.95 1016
212.80 1017
210.67 1023
208.57 995
206.48 1016
204.42 1021
202.37 1022
200.35 1023
198.34 1023
196.36 1009
194.40 992
192.45 1017
190.53 1019
188.62 1020
186.74 1023
184.87 1008
183.02 1000
181.19 1023
179.38 1023
177.59 1023
175.81 1023
174.05 1023
172.31 1008
170.59 991
168.88 1019
167.19 1022
165.52 1023
163.87 1023
162.23 1013
160.61 1006
159.00 1023
157.41 1023
155.83 1023
154.28 1023
152.73 1014
151.21 1006
149.69 992
148.20 1021
146.72 1023
145.25 1023
143.80 1020
142.36 1017
140.93 1006
139.52 1023
138.13 1023
136.75 1023
135.38 1023
134.03 1013
132.69 1006
131.36 991
130.05 1023
128.75 1023
127.46 1023
126.18 1021
124.92 1017
123.67 1007
122.44 1023
121.21 1023
120.00 1023
118.80 1016
117.61 1013
116.44 1007
115.27 995
114.12 1023
112.98 1023
111.85 1023
110.73 1023
109.62 1018
108.53 1005
107.44 1023
106.37 1023
105.30 1023
104.25 1015
103.21 1014
102.17 1011
101.15 1000
100.14 1023
99.14 1023
98.15 1023
97.17 1021
96.20 1010
95.23 992
94.28 1023
93.34 1023
92.40 1014
91.48 1013
90.57 1007
89.66 1023
88.76 1023
87.88 1023
87.00 1021
86.13 1016
85.27 1000
84.41 1023
83.57 1023
82.73 1016
81.91 1012
81.09 1009
80.28 999
79.47 1023
78.68 1023
77.89 1023
77.11 1023
76.34 1013
75.58 1023
74.82 1023
74.07 1020
73.33 1019
72.60 1015
71.87 1005
71.16 1023
70.44 1023
69.74 1023
69.04 1023
68.35 1021
67.67 1006
66.99 1023
66.32 1022
65.66 1021
65.00 1019
64.35 1011
63.71 1023
63.07 1023
62.44 1023
61.82 1023
61.20 1023
60.59 1016
59.98 1023
59.38 1023
58.79 1021
58.20 1020
57.62 1014
57.04 1002
56.47 1023
55.91 1023
55.35 1023
54.79 1023
54.25 1021
53.70 1023
53.17 1023
52.63 1023
52.11 1021
51.59 1018
51.07 1010
50.56 1023
50.05 1023
49.55 1023
49.06 1023
48.57 1023
48.08 1014
47.60 1023
47.13 1023
46.65 1023
46.19 1021
45.73 1014
45.27 1023
44.82 1023
44.37 1023
43.92 1023
43.48 1023
43.05 1020
42.62 1023
42.19 1023
41.77 1023
41.35 1021
40.94 1016
40.53 1007
40.13 1023
39.72 1021
39.33 1023
38.93 1023
38.54 1020
38.16 1023
37.78 1023
37.40 1023
37.03 1023
36.66 1017
36.29 1012
35.93 1023
35.57 1020
35.21 1020
34.86 1022
34.51 1022
34.16 1015
33.82 1023
33.49 1023
33.15 1023
32.82 1021
32.49 1014
32.17 1023
31.84 1020
31.53 1020
31.21 1019
30.90 1021
30.59 1020
30.28 1023
29.98 1023
29.68 1023
29.38 1023
29.09 1019
28.80 1009
28.51 1023
28.23 1022
27.94 1020
27.66 1019
27.39 1020
27.11 1023
26.84 1023
1.55 1023
1.53 1021
1.52 
1.69 1020
1.68 1019
1.66 1022
1.64 1023
1.63 1023
1.61 1023
1.59 1023
1.58 1023
1.56 1023
1.55 1023
1.53 1021
1.52 1021
 1020
1.68 1019
1.66 1022
1.64 1023
1.63 1023
1.61 1023
1.59 1023
1.58 1023
1.56 1023
1.55 1023
1.53 1021
1.52 1021
1.50 1019
68 1019
1.66 1022
1.64 1023
1.63 1023
1.61 1023
1.59 1023
1.58 1023
1.56 1023
1.55 1023
1.53 1021
1.52 1021
1.50 1019
1.49 1019
1.47 1021
1.46 1023
1.44 1023
1.43 1023
1.41 1023
1.40 1023
1.38 1023
1.37 1023
1.36 1021
1.34 1020
1.33 1020
1.32 1019
1.30 1020
1.29 1023
1.28 1023
1.26 1023
1.25 1023
1.24 1023
1.23 1023
1.21 1023
1.20 1022
1.19 1021
1.18 1020
1.17 1020
1.16 1019
1.14 1022
1.13 1023
1.12 1023
1.11 1023
1.10 1023
1.09 1023
1.08 1023
1.07 1023
1.06 1020
1.04 1020
1.03 1021
1.02 1019
1.01 1021
1.00 1023
0.99 1023
0.98 1023
0.97 1023
0.96 1023
0.95 1023
0.94 1023
0.94 1020
0.93 1022
0.92 1020
0.91 1020
0.90 1020
0.89 1023
0.88 1023
0.87 1023
0.86 1023
0.85 1023
0.85 1023
0.84 1023
0.83 1022
0.82 1021
0.81 1021
0.80 1019
0.80 1019
0.79 1022
0.78 1023
0.77 1023
0.77 1023
0.76 1023
0.75 1023
0.74 1023
0.73 1023
0.73 1021
0.72 1020
0.71 1020
0.71 1019
0.70 1021
0.69 1023
0.68 1023
0.68 1023
0.67 1023
0.66 1023
0.66 1023
0.65 1023
0.64 1021
0.64 1022
0.63 1021
0.63 1020
0.62 1021
0.61 1023
0.61 1023
0.60 1023
0.60 1023
0.59 1023
0.58 1023
0.58 1023
0.57 1023
0.57 1023
0.56 1022
0.55 1021
0.55 1021
0.54 1023
0.54 1023
0.53 1023
0.53 1023
0.52 1023
0.52 1023
0.51 1023
0.51 1023
0.50 1023
0.50 1023
0.49 1023
0.49 750
252.45 411
252.45 181
252.45 143
252.45 137
252.45 147
252.45 161
252.45 170
252.45 179
252.45 187
252.45 188
252.45 183
252.45 180
252.45 178
252.45 178
252.45 181
252.45 184
252.45 186
252.45 187
252.45 187
252.45 188
252.45 188
252.45 188
252.45 190
252.45 190
252.45 191
252.45 191
252.45 192
252.45 194
252.45 194
252.45 194
252.45 191
252.45 191
252.45 187
252.45 185
252.45 184
252.45 182
252.45 182
252.45 181
252.45 180
252.45 180
252.45 178
252.45 179
252.45 175
252.45 175
252.45 174
252.45 172
252.45 171
252.45 171
252.45 170
252.45 170
252.45 169
252.45 171
252.45 169
252.45 168
252.45 168
252.45 166
252.45 164
252.45 163
252.45 161
252.45 161
252.45 161
252.45 161
252.45 161
252.45 160
252.45 161
252.45 160
252.45 158
252.45 159
252.45 159
252.45 158
252.45 158
252.45 156
252.45 156
252.45 156
252.45 157
252.45 158
252.45 157
252.45 157
252.45 156
252.45 155
252.45 155
252.45 155
252.45 154
252.45 153
252.45 155
252.45 155
252.45 155
252.45 154
252.45 155
252.45 154
252.45 155
252.45 153
252.45 151
252.45 153
252.45 151
252.45 151
252.45 153
252.45 153
252.45 152
252.45 154
252.45 153
252.45 151
252.45 152
252.45 151
252.45 151
252.45 150
252.45 150
252.45 150
252.45 151
252.45 152
252.45 152
252.45 153
252.45 153
252.45 153
252.45 150
252.45 151
252.45 150
252.45 150
252.45 151
252.45 151
252.45 151
252.45 152
252.45 153
252.45 151
252.45 151
252.45 152
252.45 152
252.45 150
252.45 149
252.45 149
252.45 149
252.45 150
252.45 150
252.45 150
252.45 151
252.45 153
252.45 153
252.45 152
252.45 151
252.45 150
252.45 149
252.45 148
252.45 148
252.45 149
252.45 149
252.45 151
252.45 152
252.45 150
252.45 151
252.45 151
252.45 150
252.45 150
252.45 150
252.45 149
252.45 148
252.45 149
252.45 148
252.45 150
252.45 149
252.45 150
252.45 149
252.45 151
252.45 149
252.45 148
252.45 146
252.45 147
252.45 146
252.45 147
252.45 149
252.45 148
252.45 148
252.45 149
252.45 149
252.45 148
252.45 148
252.45 149
252.45 146
252.45 146
252.45 147
252.45 148
252.45 149
252.45 149
252.45 149
252.45 149
252.45 150
252.45 148
252.45 148
252.45 148
252.45 148
252.45 147
252.45 147
252.45 148
252.45 149
252.45 149
252.45 151
252.45 150
252.45 150
252.45 151
252.45 148
252.45 147
252.45 146
252.45 147
252.45 147
252.45 148
252.45 149
252.45 149
252.45 149
252.45 151
252.45 150
252.45 151
252.45 149
252.45 147
252.45 148
252.45 148
252.45 147

252.45 137
252.45 136
45 136
252.45 136
252.45 136
252.45 136
252.45 136
252.45 136
252.45 137
252.45 138
252.45 136
252.45 137
252.45 136
252.45 136
2.45 136
252.45 136
252.45 136
252.45 136
252.45 136
252.45 137
252.45 138
252.45 136
252.45 137
252.45 136
252.45 136
25 136
252.45 136
252.45 136
252.45 136
252.45 136
252.45 137
252.45 138
252.45 136
252.45 137
252.45 136
252.45 136
252.45 134
252.45 137
252.45 136
252.45 136
252.45 136
252.45 137
252.45 138
252.45 139
252.45 139
252.45 136
252.45 136
252.45 135
252.45 134
252.45 135
252.45 137
252.45 136
252.45 137
252.45 138
252.45 139
252.45 138
252.45 139
252.45 138
252.45 138
252.45 136
252.45 135
252.45 135
252.45 137
252.45 135
252.45 138
252.45 138
252.45 138
252.45 139
252.45 137
252.45 137
252.45 136
252.45 135
252.45 134
252.45 137
252.45 136
252.45 135
252.45 137
252.45 138
252.45 139
252.45 139
252.45 138
252.45 138
252.45 136
252.45 136
252.45 135
252.45 136
252.45 136
252.45 136
252.45 137
252.45 137
252.45 138
252.45 139
252.45 137
252.45 136
252.45 136
252.45 135
252.45 135
252.45 135
252.45 136
252.45 137
252.45 137
252.45 137
252.45 137
252.45 138
252.45 135
252.45 135
252.45 136
252.45 134
252.45 137
252.45 136
252.45 137
252.45 137
252.45 138
252.45 137
252.45 137
252.45 137
252.45 138
252.45 137
252.45 135
252.45 137
252.45 136
252.45 137
252.45 136
252.45 136
252.45 135
252.45 136
252.45 136
252.45 135
252.45 135
252.45 136
252.45 137
252.45 138
252.45 137
252.45 137
252.45 137
252.45 136
252.45 135
252.45 136
252.45 137
252.45 137
252.45 136
252.45 136
252.45 137
252.45 137
252.45 137
252.45 137
252.45 137
252.45 136
252.45 136
252.45 137
252.45 136
252.45 135
252.45 138
252.45 138
252.45 136
252.45 136
252.45 138
252.45 137
252.45 137
252.45 136
252.45 136
252.45 136
252.45 136
252.45 136
252.45 136
252.45 137
252.45 135
252.45 136
252.45 137
252.45 136
252.45 136
252.45 136
252.45 136
252.45 136
252.45 135
252.45 136
252.45 136
252.45 136
252.45 136
252.45 137
252.45 137
252.45 137
252.45 138
252.45 137
252.45 136
252.45 136
252.45 135
252.45 135
252.45 135
252.45 136
252.45 137
252.45 137
252.45 137
252.45 136
252.45 136
252.45 135
252.45 135
252.45 136
252.45 135
252.45 136
252.45 137
252.45 137
252.45 136
252.45 137
252.45 137
252.45 136
252.45 136
252.45 135
252.45 135
252.45 135
252.45 136
252.45 137
252.45 136
252.45 136
252.45 134
252.45 137
252.45 137
252.45 136
252.45 136
252.45 135
252.45 135
252.45 134
252.45 134
252.45 136
252.45 135
252.45 135
252.45 137
252.45 137
252.45 136
252.45 136
252.45 137
252.45 138
252.45 136
252.45 135
252.45 136
252.45 136
252.45 136
252.45 137
252.45 137
252.45 137
252.45 137
252.45 137
252.45 137
252.45 136
252.45 135
252.45 136
252.45 136
252.45 136
252.45 137
252.45 136
252.45 137
252.45 137
252.45 137
252.45 136
252.45 136
252.45 136
252.45 137
252.45 136
252.45 136
252.45 136
252.45 136
252.45 137
252.45 137
252.45 138
252.45 137
252.45 136
252.45 136
252.45 136
252.45 136
252.45 137
252.45 136
252.45 137
252.45 136
252.45 136
252.45 137
252.45 137
252.45 136
252.45 136
252.45 136
252.45 136
252.45 137
252.45 137
252.45 136
252.45 137
252.45 136
252.45 136
252.45 137
252.45 138
252.45 135
252.45 136
252.45 137
252.45 135
252.45 136
252.45 135
252.45 137
252.45 136
252.45 137
252.45 135
252.45 137
252.45 137
252.45 137
252.45 136
252.45 136
252.45 135
252.45 135
252.45 134
252.45 133
252.45 136
252.45 137
252.45 135
252.45 136
252.45 136
252.45 136
252.45 136
252.45 135
252.45 134
252.45 134
252.45 135
252.45 136
252.45 136
252.45 135
252.45 136
252.45 137
252.45 136
252.45 136
252.45 135
252.45 135
252.45 134
252.45 135
252.45 136
252.45 135
252.45 136
252.45 136
252.45 138
252.45 136
252.45 136
252.45 136
252.45 136
252.45 135
252.45 134
252.45 135
252.45 134
252.45 134
252.45 135
252.45 136
252.45 136
252.45 137
252.45 136
252.45 136
252.45 135
252.45 134
252.45 135
252.45 135
252.45 134
5023
103.21 1021
102.17 1019
1.85 1023
110.73 1023
109.62 1022
108.53 1021
107.44 1016
106.37 1002
105.30 1023
104.25 1023
103.21 1021
102.17 1019
101.0 1023
110.73 1023
109.62 1022
108.53 1021
107.44 1016
106.37 1002
105.30 1023
104.25 1023
103.21 1021
102.17 1019
101.15 1016
100.14 1005
99.14 1023
98.15 1023
97.17 1023
96.20 1023
95.23 1019
94.28 1010
93.34 1023
92.40 1023
91.48 1020
90.57 1018
89.66 1013
88.76 999
87.88 1023
87.00 1023
86.13 1023
85.27 1020
84.41 1014
83.57 1023
82.73 1023
81.91 1022
81.09 1019
80.28 1016
79.47 1006
78.68 1023
77.89 1023
77.11 1022
76.34 1023
75.58 1018
74.82 1007
74.07 1023
73.33 1023
72.60 1020
71.87 1017
71.16 1011
70.44 997
69.74 1023
69.04 1021
68.35 1022
67.67 1022
66.99 1012
66.32 1023
65.66 1023
65.00 1023
64.35 1019
63.71 1013
63.07 1004
62.44 1023
61.82 1020
61.20 1020
60.59 1020
59.98 1016
59.38 1004
58.79 1023
58.20 1023
57.62 1023
57.04 1017
56.47 1009
55.91 1023
55.35 1021
54.79 1020
54.25 1020
53.70 1018
53.17 1010
52.63 1023
52.11 1023
51.59 1023
51.07 1023
50.56 1013
50.05 1001
49.55 1023
49.06 1020
48.57 1019
48.08 1017
47.60 1014
47.13 1023
46.65 1023
46.19 1023
45.73 1023
45.27 1020
44.82 1008
44.37 1023
43.92 1020
43.48 1019
43.05 1018
42.62 1015
42.19 1007
41.77 1023
41.35 1023
40.94 1023
40.53 1023
40.13 1016
39.72 1023
39.33 1021
38.93 1020
38.54 1020
38.16 1016
37.78 1012
37.40 1023
37.03 1023
36.66 1023
36.29 1023
35.93 1021
35.57 1011
35.21 1023
34.86 1021
34.51 1021
34.16 1019
33.82 1013
33.49 1023
33.15 1023
32.82 1023
32.49 1023
32.17 1023
31.84 1018
31.53 1023
31.21 1022
30.90 1022
30.59 1019
30.28 1016
29.98 1009
29.68 1023
29.38 1023
29.09 1023
28.80 1023
28.51 1020
28.23 1023
27.94 1023
27.66 1021
27.39 1021
27.11 1018
26.84 1012
26.57 1023
26.31 1023
26.05 1023
25.78 1023
25.53 1022
25.27 1016
25.02 1023
24.77 1022
24.52 1020
24.28 1019
24.03 1015
23.79 1023
23.55 1021
23.32 1023
23.09 1023
22.86 1023
22.63 1017
22.40 1023
22.18 1023
21.95 1021
21.74 1019
21.52 1018
21.30 1012
21.09 1021
20.88 1022
20.67 1023
20.46 1023
20.26 1019
20.06 1023
19.86 1023
19.66 1023
19.46 1020
19.27 1017
19.07 1014
18.88 1023
18.69 1020
18.51 1021
18.32 1022
18.14 1021
17.96 1023
17.78 1023
17.60 1023
17.42 1023
17.25 1019
17.08 1016
16.91 1023
16.74 1021
16.57 1021
16.40 1021
16.24 1021
16.08 1019
15.92 1023
15.76 1023
15.60 1023
15.44 1023
15.29 1017
15.14 1023
14.99 1021
14.84 1021
14.69 1021
14.54 1021
14.39 1020
14.25 1023
14.11 1023
13.97 1023
13.83 1023
13.69 1022
13.55 1015
13.42 1021
13.28 1022
13.15 1020
13.02 1019
12.89 1019
12.76 1023
12.63 1023
12.51 1023
12.38 1023
12.26 1023
12.13 1021
12.01 1021
11.89 1021
11.77 1021
11.66 1020
11.54 1019
11.42 1017
11.31 1023
11.20 1023
11.08 1023
10.97 1023
10.86 1023
10.76 1023
10.65 1021
10.54 1021
10.44 1020
10.33 1020
10.23 1016
10.13 1023
10.02 1023
9.92 1023
9.83 1023
9.73 1023
9.63 1023
9.53 1023
9.44 1022
9.34 1019
9.25 1019
9.16 1022
9.07 1021
8.98 1022
8.89 1023
8.80 1023
8.71 1023
8.62 1023
8.54 1023
8.45 1023
8.37 1020
8.28 1021
8.20 1022
8.12 1022
8.04 1019
7.96 1018
7.88 1023
7.80 1023
7.72 1023
7.64 1023
7.57 1023
7.49 1023
7.42 1023
7.34 1022
7.27 1021
7.20 1018
7.12 1020
7.05 1020
6.98 1022
6.91 1023
6.84 1023
6.77 1023
6.71 1023
6.64 1023
6.57 1023
6.51 1019
6.44 1021
6.38 1020
6.31 1021
6.25 1019
6.19 1019
6.13 1023
6.07 1023
6.00 1023
5.94 1023
5.88 1023
5.83 1023
5.77 1022
5.71 1021
5.65 1022
5.60 1018
5.54 1019
5.49 1022
5.43 1023
5.38 1023
5.32 1023
5.27 1023
5.22 1023
5.16 1023
5.11 1023
5.06 1018
5.01 1022
4.96 1022
4.91 1021
4.86 1021
4.81 1022
4.77 1023
4.72 1023
4.67 1023
4.62 1023
4.58 1023
4.53 1023
4.49 1022
4.44 1021
4.40 1021
4.35 1023
4.31 1022
4.27 1023
4.22 1023
4.18 1023
4.14 1023
4.10 1023
4.06 1023
4.02 1023
3.98 1022
3.94 1022
3.90 1021
3.86 1022
3.82 1020
3.78 1021
3.74 1023
3.71 1023
3.67 1023
3.63 1023
3.60 1023
3.56 1023
3.52 1023
3.49 1021
3.45 1021
20.23 1023
0.23 1021
0.23 1023
0.25 1021
0.25 1021
0.25 1022
0.25 1023
0.24 1023
0.24 1023
0.24 1023
0.24 1023
0.23 1023
0.23 1023
0.23 1021
0.23 1023
0.22 1021
0.22 1021
0.22 1023
0.22 1023
0.22 1023
0.21 1023
0.21 1023
0.21 1023
0.21 1023
0.21 1023
0.20 1022
0.20 1023
0.20 1022
0.20 1020
0.20 1022
0.19 1023
0.19 1023
0.19 1023
0.19 1023
0.19 1023
0.18 1023
0.18 1023
0.18 1023
0.18 1022
0.18 1023
0.17 1021
0.17 1022
0.17 1023
0.17 1023
0.17 1023
0.17 1023
0.16 1023
0.16 1023
0.16 1023
0.16 1023
0.16 1023
0.16 1022
0.15 1021
0.15 1021
0.15 1023
0.15 1023
0.15 1023
0.15 1023
0.15 1023
0.14 1023
0.14 1023
0.14 1023
0.14 1022
0.14 1023
0.14 1022
0.14 1022
0.13 1021
0.13 1023
0.13 1023
0.13 1023
0.13 1023
0.13 1023
0.13 1023
0.13 1023
0.12 1023
0.12 1022
0.12 1021
0.12 1021
0.12 1022
0.12 1022
0.12 1023
0.12 1023
0.11 1023
0.11 1023
0.11 1023
0.11 1023
0.11 1023
0.11 1022
0.11 1023
0.11 1021
0.11 1022
0.10 1022
0.10 1023
0.10 1023
0.10 1023
0.10 1023
0.10 1023
0.10 1023
0.10 1023
0.10 1023
0.10 1023
0.09 1022
0.09 1022
0.09 1021
0.09 1023
0.09 1023
0.09 1023
0.09 1023
0.09 1023
0.09 1023
0.09 1023
0.09 1023
0.08 1023
0.08 1021
0.08 1022
0.08 1022
0.08 1023
0.08 1023
0.08 1023
0.08 1023
0.08 1023
0.08 1023
0.08 1023
0.08 1023
0.08 1021
0.07 1022
0.07 1022
0.07 1021
0.07 1022
0.07 1023
0.07 1023
0.07 1023
0.07 1023
0.07 1023
0.07 1023
0.07 1023
0.07 1022
0.07 1022
0.07 1021
0.06 1021
0.06 1022
0.06 1022
0.06 1023
0.06 1023
0.06 1023
0.06 1023
0.06 1023
0.06 1023
0.06 1023
0.06 1022
0.06 1023
0.06 1022
0.06 1022
0.06 1022
0.06 1023
0.05 1023
0.05 1023
0.05 1023
0.05 1023
0.05 1023
0.05 1023
0.05 1022
0.05 1022
0.05 1021
0.05 1021
0.05 1021
0.05 1023
0.05 1023
0.05 1023
0.05 1023
0.05 1023
0.05 1023
0.05 1023
0.05 1023
0.05 1021
0.04 1022
0.04 1021
0.04 1021
0.04 1023
0.04 1023
0.04 1023
0.04 1023
0.04 1023
0.04 1023
0.04 1023
0.04 1023
0.04 1021
0.04 1023
0.04 1023
0.04 1021
0.04 1023
0.04 1023
0.04 1023
0.04 1023
0.04 1023
0.04 1023
0.04 1023
0.04 1023
0.04 1023
0.04 1023
0.03 1022
0.03 1021
0.03 1021
0.03 1022
0.03 1023
0.03 1023
0.03 1023
0.03 1023
0.03 1023
0.03 1023
0.03 1023
0.03 1022
0.03 1023
0.03 1022
0.03 1022
0.03 1023
0.03 1023
0.03 1023
0.03 1023
0.03 1023
0.03 1023
0.03 1023
0.03 1023
0.03 1023
0.03 1022
0.03 1021
0.03 1021
0.03 1022
0.03 1023
0.03 1023
0.03 1023
0.03 1023
0.03 1023
0.03 1023
0.02 1023
0.02 1022
0.02 1021
0.02 1022
0.02 1021
0.02 1021
0.02 1023
0.02 1023
0.02 1023
0.02 1023
0.02 1023
0.02 1023
0.02 1023
0.02 1023
0.02 1022
0.02 1022
0.02 1021
0.02 1021
0.02 1021
0.02 1023
0.02 1023
0.02 1023
0.02 1023
0.02 1023
0.02 1023
0.02 1023
0.02 1022
0.02 1022
0.02 1022
0.02 1022
0.02 1021
0.02 1021
0.02 1023
0.02 1023
0.02 1023
0.02 1023
0.02 1023
0.02 1023
0.02 1023
0.02 1022
0.02 1022
0.02 1021
0.02 1021
0.02 1022
0.02 1023
0.02 1023
0.02 1023
0.02 1023
0.02 1023
0.02 1023
0.02 1023
0.01 1021
0.01 1022
0.01 1021
0.01 1020
0.01 1021
0.01 1022
0.01 1023
0.01 1023
0.01 1023
0.01 1023
0.01 1023
0.01 1023
0.01 1023
0.01 1021
0.01 1022
0.01 1021
0.01 1020
0.01 1022
0.01 1023
0.01 1023
0.01 1023
0.01 1023
0.01 1023
0.01 1023
0.01 1023
0.01 1022
0.01 1022
0.01 1021
0.01 1021
0.01 1020
0.01 1023
0.01 1023
0.01 1023
0.01 1023
0.01 1023
0.01 1023
0.01 1023
0.01 1022
0.01 1021
0.01 1021
0.01 1020
0.01 1021
0.01 1022
0.01 1023
0.01 1023
0.01 1023
0.01 1023
0.01 1023
0.01 1023
0.01 1023
0.01 1021
0.01 1023
0.01 1022
0.01 1021
0.01 1022
0.01 1023
0.01 1023
0.01 1023
0.01 1023
0.01 1023
0.01 1023
0.01 1023
0.01 1022
0.01 1022
0.01 1022
0.01 1021
0.01 1022
0.01 1023
0.01 1023
0.01 1023
0.01 1023
0.01 1023
0.01 1023
0.01 1023
0.01 1023
0.01 1022
0.01 1022
0.01 1022
0.01 1021
0.01 1022
0.01 1023
0.01 1023
0.01 1023
0.01 1023
0.01 1023
0.01 1023
0.01 1023
0.01 1022
0.01 1022
0.01 1023
0.01 1023
0.01 1023
0.01 1023
0.01 1023
0.01 1023
0.01 1023
0.01 1023
0.01 1023
0.01 1023
252.45 161
252.45 162
252.45 164
252.45 163
45 165
252.45 164
252.45 163
252.45 163
252.45 162
252.45 162
252.45 162
252.45 161
252.45 162
252.45 164
252.45 163
252.45 163
252.45 164
252.45 163
252.45 163
252.45 162
252.45 162
252.45 162
252.45 161
252.45 162
252.45 164
252.45 163
252.45 160
252.45 163
252.45 163
252.45 162
252.45 162
252.45 163
252.45 163
252.45 162
252.45 162
252.45 160
252.45 162
252.45 162
252.45 163
252.45 161
252.45 163
252.45 163
252.45 162
252.45 161
252.45 161
252.45 162
252.45 160
252.45 162
252.45 162
252.45 162
252.45 160
252.45 162
252.45 163
252.45 162
252.45 161
252.45 162
252.45 160
252.45 161
252.45 159
252.45 162
252.45 162
252.45 161
252.45 163
252.45 162
252.45 162
252.45 161
252.45 160
252.45 161
252.45 159
252.45 160
252.45 159
252.45 160
252.45 159
252.45 161
252.45 161
252.45 161
252.45 160
252.45 160
252.45 161
252.45 161
252.45 159
252.45 159
252.45 159
252.45 160
252.45 159
252.45 161
252.45 159
252.45 160
252.45 161
252.45 160
252.45 160
252.45 159
252.45 159
252.45 158
252.45 157
252.45 159
252.45 158
252.45 158
252.45 160
252.45 159
252.45 160
252.45 159
252.45 159
252.45 158
252.45 158
252.45 157
252.45 158
252.45 159
252.45 159
252.45 159
252.45 159
252.45 159
252.45 158
252.45 158
252.45 158
252.45 159
252.45 157
252.45 156
252.45 157
252.45 158
252.45 157
252.45 157
252.45 157
252.45 157
252.45 157
252.45 156
252.45 156
252.45 157
252.45 157
252.45 157
252.45 155
252.45 156
252.45 156
252.45 156
252.45 156
252.45 157
252.45 156
252.45 156
252.45 157
252.45 155
252.45 155
252.45 155
252.45 156
252.45 156
252.45 156
252.45 156
252.45 157
252.45 157
252.45 155
252.45 155
252.45 155
252.45 155
252.45 154
252.45 155
252.45 156
252.45 156
252.45 157
252.45 156
252.45 157
252.45 158
252.45 158
252.45 156
252.45 155
252.45 156
252.45 155
252.45 156
252.45 157
252.45 157
252.45 159
252.45 157
252.45 157
252.45 158
252.45 158
252.45 158
252.45 158
252.45 158
252.45 157
252.45 158
252.45 160
252.45 159
252.45 159
252.45 161
252.45 162
252.45 162
252.45 163
252.45 163
252.45 164
252.45 165
252.45 167
252.45 168
252.45 170
252.45 171
252.45 173
252.45 176
252.45 177
252.45 180
252.45 185
252.45 189
252.45 192
252.45 206
252.45 223
252.45 254
252.45 368
249.93 977
247.43 1018
244.95 1017
242.50 1020
240.08 999
237.68 1022
235.30 1022
232.95 1023
230.62 1023
228.31 1023
226.03 1023
223.77 1019
221.53 1019
219.31 1020
217.12 1019
214.95 1023
212.80 1023
210.67 1001
208.57 1023
206.48 1023
204.42 1023
202.37 1023
200.35 1023
198.34 1006
196.36 1020
194.40 1020
192.45 1022
190.53 1023
188.62 1023
186.74 1015
184.87 1006
183.02 1023
181.19 1023
179.38 1023
177.59 1023
175.81 1023
174.05 1008
172.31 994
170.59 1023
168.88 1023
167.19 1023
165.52 1023
163.87 1017
162.23 1008
160.61 1023
159.00 1023
157.41 1023
155.83 1023
154.28 1014
152.73 1009
151.21 995
149.69 1023
148.20 1023
146.72 1023
145.25 1023
143.80 1016
142.36 1006
140.93 1023
139.52 1023
138.13 1023
136.75 1023
135.38 1016
134.03 1011
132.69 999
131.36 1023
130.05 1023
128.75 1023
127.46 1022
126.18 1015
124.92 1004
123.67 1023
122.44 1023
121.21 1023
120.00 1019
118.80 1018
117.61 1013
116.44 1000
115.27 1023
114.12 1023
112.98 1023
111.85 1019
110.73 1013
109.62 1005
108.53 1023
107.44 1023
106.37 1023
105.30 1022
104.25 1021
103.21 1016
102.17 1003
101.15 1023
100.14 1023
99.14 1021
98.15 1019
97.17 1013
96.20 1001
95.23 1023
94.28 1023
93.34 1023
92.40 1022
91.48 1016
90.57 1001
89.66 1023
88.76 1023
87.88 1019
87.00 1016
86.13 1008
85.27 1023
84.41 1023
83.57 1022
82.73 1023
81.91 1019
81.09 1009
80.28 1023
79.47 1023
78.68 1023
77.89 1017
77.11 1012
76.34 999
75.58 1023
74.82 1020
74.07 1022
73.33 1020
72.60 1012
71.87 1023
71.16 1023
70.44 1023
69.74 1020
69.04 1014
68.35 1005
67.67 1023
66.99 1021
66.32 1020
65.66 1019
65.00 1017
64.35 1004
63.71 1023
63.07 1023
62.44 1023
61.82 1019
61.20 1008
60.59 1023
59.98 1023
59.38 1020
58.79 1019
581
4.10 1021
4.06 1023
4.02 1023
3.98 1023
3.94 1023
3.90 1023
3.86 1023
3.82 1021
3.78 1022
3.74 1022
 1020
4.14 1021
4.10 1021
4.06 1023
4.02 1023
3.98 1023
3.94 1023
3.90 1023
3.86 1023
3.82 1021
3.78 1022
3.74 1022
3.71 1022
 1021
4.10 1021
4.06 1023
4.02 1023
3.98 1023
3.94 1023
3.90 1023
3.86 1023
3.82 1021
3.78 1022
3.74 1022
3.71 1022
3.67 1019
3.63 1023
3.60 1023
3.56 1023
3.52 1023
3.49 1023
3.45 1023
3.42 1023
3.39 1022
3.35 1022
3.32 1022
3.29 1022
3.25 1022
3.22 1021
3.19 1023
3.16 1023
3.12 1023
3.09 1023
3.06 1023
3.03 1023
3.00 1023
2.97 1022
2.94 1021
2.91 1022
2.88 1021
2.85 1022
2.83 1022
2.80 1023
2.77 1023
2.74 1023
2.71 1023
2.69 1023
2.66 1023
2.63 1022
2.61 1022
2.58 1022
2.56 1022
2.53 1020
2.50 1021
2.48 1023
2.45 1023
2.43 1023
2.41 1023
2.38 1023
2.36 1023
2.33 1022
2.31 1022
2.29 1022
2.27 1022
2.24 1021
2.22 1020
2.20 1023
2.18 1023
2.15 1023
2.13 1023
2.11 1023
2.09 1023
2.07 1023
2.05 1021
2.03 1022
2.01 1021
1.99 1020
1.97 1021
1.95 1022
1.93 1023
1.91 1023
1.89 1023
1.87 1023
1.85 1023
1.83 1023
1.82 1022
1.80 1023
1.78 1021
1.76 1021
1.74 1020
1.73 1022
1.71 1023
1.69 1023
1.68 1023
1.66 1023
1.64 1023
1.63 1023
1.61 1022
1.59 1022
1.58 1022
1.56 1021
1.55 1022
1.53 1022
1.52 1023
1.50 1023
1.49 1023
1.47 1023
1.46 1023
1.44 1023
1.43 1023
1.41 1023
1.40 1022
1.38 1022
1.37 1021
1.36 1022
1.34 1023
1.33 1023
1.32 1023
1.30 1023
1.29 1023
1.28 1023
1.26 1023
1.25 1023
1.24 1022
1.23 1021
1.21 1021
1.20 1022
1.19 1022
1.18 1023
1.17 1023
1.16 1023
1.14 1023
1.13 1023
1.12 1023
1.11 1023
1.10 1022
1.09 1022
1.08 1022
1.07 1022
1.06 1022
1.04 1023
1.03 1023
1.02 1023
1.01 1023
1.00 1023
0.99 1023
0.98 1023
0.97 1022
0.96 1022
0.95 1023
0.94 1021
0.94 1021
0.93 1023
0.92 1023
0.91 1023
0.90 1023
0.89 1023
0.88 1023
0.87 1023
0.86 1023
0.85 1022
0.85 1022
0.84 1021
0.83 1021
0.82 1022
0.81 1023
0.80 1023
0.80 1023
0.79 1023
0.78 1023
0.77 1023
0.77 1023
0.76 1021
0.75 1022
0.74 1022
0.73 1022
0.73 1021
0.72 1023
0.71 1023
0.71 1023
0.70 1023
0.69 1023
0.68 1023
0.68 1023
0.67 1022
0.66 1022
0.66 1021
0.65 1021
0.64 1020
0.64 1023
0.63 1023
0.63 1023
0.62 1023
0.61 1023
0.61 1023
0.60 1023
0.60 1022
0.59 1022
0.58 1022
0.58 1021
0.57 1022
0.57 1023
0.56 1023
0.55 1023
0.55 1023
0.54 1023
0.54 1023
0.53 1023
0.53 1022
0.52 1021
0.52 1022
0.51 1022
0.51 1022
0.50 1022
0.50 1023
0.49 1023
0.49 1023
0.48 1023
0.48 1023
0.47 1023
0.47 1023
0.46 1022
0.46 1022
0.45 1023
0.45 1021
0.44 1022
0.44 1023
0.44 1023
0.43 1023
0.43 1023
0.42 1023
0.42 1023
0.41 1023
0.41 1022
0.41 1021
0.40 1022
0.40 1021
0.39 1021
0.39 1022
0.39 1023
0.38 1023
0.38 1023
0.37 1023
0.37 1023
0.37 1023
0.36 1023
0.36 1021
0.36 1022
0.35 1023
0.35 1022
0.35 1022
0.34 1023
0.34 1023
0.34 1023
0.33 1023
0.33 1023
0.33 1023
0.32 1023
0.32 1022
0.32 1022
0.31 1022
0.31 1021
0.31 1021
0.30 1023
0.30 1023
0.30 1023
0.29 1023
0.29 1023
0.29 1023
0.29 1023
0.28 1023
0.28 1023
0.28 1022
0.27 1021
0.27 1021
0.27 1022
0.27 1023
0.26 1023
0.26 1023
0.26 1023
0.26 1023
0.25 1023
0.25 1023
0.25 1022
0.25 1022
0.24 1021
0.24 1020
0.24 1022
0.24 1023
0.23 1023
0.23 1023
0.23 1023
0.23 1023
0.22 1023
0.22 1023
0.22 1022
0.22 1022
0.22 1023
0.21 1022
0.21 1021
0.21 1023
0.21 1023
0.21 1023
0.20 1023
0.20 1023
0.20 1023
0.20 1023
0.20 1022
0.19 1023
0.19 1022
0.19 1022
0.19 1023
0.19 1022
0.18 1023
0.18 1023
0.18 1023
0.18 1023
0.18 1023
0.17 1023
0.17 1023
0.17 1023
0.17 1022
0.17 1022
0.17 1022
0.16 1022
0.16 1023
0.16 1023
0.16 1023
0.16 1023
0.16 1023
0.15 1023
0.15 1023
0.15 1023
0.15 1023
0.15 1023
0.15 1023
0.15 1023
0.14 1023
0.14 1023
0.14 1023
0.14 1023
0.14 1023
0.14 1023
0.14 1023
0.13 1023
0.13 1023
0.13 822
252.45 426
252.45 214
252.45 191
252.45 173
252.45 173
252.45 184
252.45 193
252.45 203
252.45 206
252.45 208
252.45 206
252.45 203
252.45 197
252.45 195
252.45 194
252.45 192
252.45 192
252.45 147
252.45 146
252.45 145
252.45 144
252.45 143
252.45 144
252.45 143
252.45 143
252.45 146
252.45 144
252.45 147
252.45 146
252.45 145
252.45 144
252.45 143
252.45 144
252.45 143
252.45 143
252.45 146
252.45 144
252.45 149
252.45 146
252.45 146
252.45 146
252.45 144
252.45 144
252.45 144
252.45 144
252.45 144
252.45 145
252.45 144
252.45 145
252.45 145
252.45 145
252.45 145
252.45 144
252.45 144
252.45 144
252.45 144
252.45 144
252.45 143
252.45 146
252.45 144
252.45 143
252.45 144
252.45 145
252.45 145
252.45 144
252.45 144
252.45 145
252.45 143
252.45 142
252.45 143
252.45 142
252.45 144
252.45 146
252.45 145
252.45 144
252.45 145
252.45 144
252.45 145
252.45 143
252.45 143
252.45 143
252.45 143
252.45 143
252.45 145
252.45 144
252.45 145
252.45 144
252.45 145
252.45 143
252.45 144
252.45 143
252.45 143
252.45 142
252.45 142
252.45 144
252.45 143
252.45 143
252.45 144
252.45 145
252.45 144
252.45 144
252.45 143
252.45 142
252.45 142
252.45 142
252.45 142
252.45 143
252.45 143
252.45 144
252.45 143
252.45 144
252.45 143
252.45 143
252.45 143
252.45 142
252.45 142
252.45 141
252.45 143
252.45 142
252.45 142
252.45 144
252.45 144
252.45 143
252.45 144
252.45 143
252.45 142
252.45 141
252.45 141
252.45 141
252.45 140
252.45 141
252.45 141
252.45 141
252.45 143
252.45 143
252.45 143
252.45 141
252.45 142
252.45 140
252.45 140
252.45 140
252.45 141
252.45 141
252.45 141
252.45 143
252.45 141
252.45 141
252.45 142
252.45 140
252.45 140
252.45 140
252.45 140
252.45 139
252.45 140
252.45 140
252.45 141
252.45 142
252.45 140
252.45 141
252.45 141
252.45 140
252.45 139
252.45 139
252.45 138
252.45 138
252.45 139
252.45 140
252.45 140
252.45 139
252.45 141
252.45 140
252.45 139
252.45 139
252.45 138
252.45 139
252.45 138
252.45 138
252.45 139
252.45 140
252.45 140
252.45 140
252.45 140
252.45 140
252.45 141
252.45 140
252.45 139
252.45 139
252.45 138
252.45 139
252.45 139
252.45 138
252.45 140
252.45 139
252.45 141
252.45 139
252.45 139
252.45 139
252.45 139
252.45 138
252.45 139
252.45 139
252.45 139
252.45 139
252.45 141
252.45 140
252.45 140
252.45 140
252.45 139
252.45 138
252.45 139
252.45 138
252.45 137
252.45 137
252.45 139
252.45 139
252.45 140
252.45 141
252.45 139
252.45 139
252.45 139
252.45 138
252.45 139
252.45 139
252.45 138
252.45 139
252.45 139
252.45 139
252.45 138
252.45 141
252.45 141
252.45 141
252.45 141
252.45 140
252.45 140
252.45 141
252.45 142
252.45 142
252.45 142
252.45 145
252.45 147
252.45 149
252.45 149
252.45 150
252.45 151
252.45 153
252.45 156
252.45 160
252.45 165
252.45 179
252.45 200
252.45 231
252.45 275
252.45 398
249.93 989
247.43 1022
244.95 1023
242.50 1023
240.08 1023
237.68 1023
235.30 1022
232.95 1021
230.62 1021
228.31 1022
226.03 1023
223.77 1001
221.53 1022
219.31 1022
217.12 1022
214.95 1023
212.80 1023
210.67 1023
208.57 994
206.48 1020
204.42 1021
202.37 1023
200.35 1023
198.34 1023
196.36 1005
194.40 1023
192.45 1023
190.53 1023
188.62 1023
186.74 1023
184.87 1008
183.02 996
181.19 1021
179.38 1022
177.59 1023
175.81 1023
174.05 1015
172.31 1006
170.59 1023
168.88 1023
167.19 1023
165.52 1023
163.87 1015
162.23 1009
160.61 997
159.00 1022
157.41 1023
155.83 1023
154.28 1023
152.73 1017
151.21 1007
149.69 1023
148.20 1023
146.72 1023
145.25 1023
143.80 1016
142.36 1009
140.93 996
139.52 1023
138.13 1023
136.75 1023
135.38 1022
134.03 1017
132.69 1007
131.36 1023
130.05 1023
128.75 1023
127.46 1020
126.18 1016
124.92 1008
123.67 997
122.44 1023
121.21 1023
120.00 1023
118.80 1021
117.61 1016
116.44 1004
115.27 1023
114.12 1023
112.98 1023
111.85 1018
110.73 1017
109.62 1012
108.53 1000
107.44 1023
106.37 1023
105.30 1023
104.25 1021
103.21 1013
102.17 1003
101.15 1023
100.14 1023
99.14 1023
98.15 1020
97.17 1019
96.20 1010
95.23 1023
94.28 1023
93.34 1023
92.40 1020
91.48 1014
90.57 1002
89.66 1023
88.76 1023
87.88 1019
87.00 1019
86.13 1014
85.27 1001
84.41 1023
8.1023
6.07 1023
6.00 1023
5.94 1023
5.88 1023
5.83 1023
5.77 1022
5.71 1019
5.65 1021
51020
6.25 1021
6.19 1022
6.13 1023
6.07 1023
6.00 1023
5.94 1023
5.88 1023
5.83 1023
5.77 1022
5.71 1019
5.65 1021
5.60 1022
 1021
6.19 1022
6.13 1023
6.07 1023
6.00 1023
5.94 1023
5.88 1023
5.83 1023
5.77 1022
5.71 1019
5.65 1021
5.60 1022
5.54 1022
5.49 1021
5.43 1021
5.38 1023
5.32 1023
5.27 1023
5.22 1023
5.16 1023
5.11 1023
5.06 1022
5.01 1022
4.96 1021
4.91 1018
4.86 1022
4.81 1022
4.77 1023
4.72 1023
4.67 1023
4.62 1023
4.58 1023
4.53 1023
4.49 1021
4.44 1019
4.40 1022
4.35 1021
4.31 1021
4.27 1021
4.22 1023
4.18 1023
4.14 1023
4.10 1023
4.06 1023
4.02 1023
3.98 1023
3.94 1021
3.90 1022
3.86 1022
3.82 1021
3.78 1022
3.74 1023
3.71 1023
3.67 1023
3.63 1023
3.60 1023
3.56 1023
3.52 1023
3.49 1021
3.45 1020
3.42 1021
3.39 1021
3.35 1021
3.32 1023
3.29 1023
3.25 1023
3.22 1023
3.19 1023
3.16 1023
3.12 1022
3.09 1023
3.06 1022
3.03 1021
3.00 1022
2.97 1023
2.94 1023
2.91 1023
2.88 1023
2.85 1023
2.83 1023
2.80 1023
2.77 1023
2.74 1023
2.71 1020
2.69 1022
2.66 1022
2.63 1021
2.61 1021
2.58 1023
2.56 1023
2.53 1023
2.50 1023
2.48 1023
2.45 1023
2.43 1023
2.41 1021
2.38 1021
2.36 1021
2.33 1021
2.31 1021
2.29 1023
2.27 1023
2.24 1023
2.22 1023
2.20 1023
2.18 1023
2.15 1023
2.13 1021
2.11 1022
2.09 1021
2.07 1021
2.05 1022
2.03 1021
2.01 1023
1.99 1023
1.97 1023
1.95 1023
1.93 1023
1.91 1023
1.89 1023
1.87 1021
1.85 1022
1.83 1021
1.82 1021
1.80 1021
1.78 1023
1.76 1023
1.74 1023
1.73 1023
1.71 1023
1.69 1023
1.68 1023
1.66 1022
1.64 1022
1.63 1023
1.61 1021
1.59 1021
1.58 1023
1.56 1023
1.55 1023
1.53 1023
1.52 1023
1.50 1023
1.49 1023
1.47 1021
1.46 1022
1.44 1022
1.43 1022
1.41 1021
1.40 1023
1.38 1023
1.37 1023
1.36 1023
1.34 1023
1.33 1023
1.32 1023
1.30 1022
1.29 1021
1.28 1022
1.26 1021
1.25 1020
1.24 1023
1.23 1023
1.21 1023
1.20 1023
1.19 1023
1.18 1023
1.17 1023
1.16 1022
1.14 1021
1.13 1022
1.12 1023
1.11 1021
1.10 1021
1.09 1023
1.08 1023
1.07 1023
1.06 1023
1.04 1023
1.03 1023
1.02 1022
1.01 1021
1.00 1022
0.99 1022
0.98 1021
0.97 1021
0.96 1023
0.95 1023
0.94 1023
0.94 1023
0.93 1023
0.92 1023
0.91 1023
0.90 1023
0.89 1021
0.88 1022
0.87 1022
0.86 1021
0.85 1022
0.85 1023
0.84 1023
0.83 1023
0.82 1023
0.81 1023
0.80 1023
0.80 1023
0.79 1022
0.78 1023
0.77 1021
0.77 1022
0.76 1022
0.75 1023
0.74 1023
0.73 1023
0.73 1023
0.72 1023
0.71 1023
0.71 1023
0.70 1022
0.69 1021
0.68 1021
0.68 1021
0.67 1021
0.66 1023
0.66 1023
0.65 1023
0.64 1023
0.64 1023
0.63 1023
0.63 1023
0.62 1023
0.61 1022
0.61 1021
0.60 1021
0.60 1021
0.59 1022
0.58 1023
0.58 1023
0.57 1023
0.57 1023
0.56 1023
0.55 1023
0.55 1023
0.54 1022
0.54 1022
0.53 1022
0.53 1022
0.52 1021
0.52 1023
0.51 1023
0.51 1023
0.50 1023
0.50 1023
0.49 1023
0.49 1023
0.48 1021
0.48 1022
0.47 1021
0.47 1021
0.46 1021
0.46 1023
0.45 1023
0.45 1023
0.44 1023
0.44 1023
0.44 1023
0.43 1023
0.43 1022
0.42 1021
0.42 1021
0.41 1022
0.41 1022
0.41 1022
0.40 1023
0.40 1023
0.39 1023
0.39 1023
0.39 1023
0.38 1023
0.38 1023
0.37 1021
0.37 1022
0.37 1021
0.36 1021
0.36 1022
0.36 1023
0.35 1023
0.35 1023
0.35 1023
0.34 1023
0.34 1023
0.34 1023
0.33 1021
0.33 1022
0.33 1021
0.32 1021
0.32 1021
0.32 1023
0.31 1023
0.31 1023
0.31 1023
0.30 1023
0.30 1023
0.30 1023
0.29 1022
0.29 1021
0.29 1021
0.29 1021
0.28 1021
0.28 1023
0.28 1023
0.27 1023
0.27 1023
0.27 1023
0.27 1023
0.26 1023
0.26 1022
0.26 1021
0.26 1022
0.25 1021
0.25 1021
0.25 1021
0.25 1023
0.24 1023
0.24 1023
0.24 1023
0.24 1023
0.23 1023
0.23 1023
0.23 1021
0.23 1022
0.22 1022
0.22 1020
0.22 1021
0.22 1023
0.22 1023
0.21 1023
0.21 1023
0.21 1023
0.21 1023
0.21 1023
0.20 1022
0.20 1021
0.20 1021
0.20 1020
0.20 1021
0.19 1022
0.19 1023
0.19 1023
0.19 1023
0.19 1023
0.18 1023
0.18 1023
0.18 1023
0.18 1021
0.18 1022
0.17 1021
0.17 1021
0.17 1022
0.17 1023
0.17 1023
0.17 1023
0.16 1023
190.53 1023
188.62 1010
186.74 997
204.42 1023
202.37 1023
200.35 1006
198.34 1023
196.36 1023
194.40 1023
192.45 1023
190.53 1023
188.62 1010
186.74 997
184.87 1022
183.02 1023
181.19 1023
179.38 1023
177.59 1017
175.81 1008
174.05 1023
172.31 1023
170.59 1023
168.88 1023
167.19 1023
165.52 1010
163.87 999
162.23 1023
160.61 1023
159.00 1023
157.41 1023
155.83 1019
154.28 1009
152.73 1023
151.21 1023
149.69 1023
148.20 1023
146.72 1016
145.25 1011
143.80 998
142.36 1023
140.93 1023
139.52 1023
138.13 1022
136.75 1017
135.38 1008
134.03 1023
132.69 1023
131.36 1023
130.05 1023
128.75 1016
127.46 1011
126.18 1001
124.92 1023
123.67 1023
122.44 1023
121.21 1022
120.00 1017
118.80 1006
117.61 1023
116.44 1023
115.27 1023
114.12 1019
112.98 1018
111.85 1015
110.73 1004
109.62 1023
108.53 1023
107.44 1023
106.37 1020
105.30 1015
104.25 1008
103.21 1023
102.17 1023
101.15 1023
100.14 1022
99.14 1021
98.15 1016
97.17 1003
96.20 1023
95.23 1023
94.28 1021
93.34 1016
92.40 1010
91.48 1023
90.57 1023
89.66 1022
88.76 1021
87.88 1019
87.00 1009
86.13 1023
85.27 1023
84.41 1023
83.57 1019
82.73 1012
81.91 1003
81.09 1023
80.28 1023
79.47 1019
78.68 1019
77.89 1016
77.11 1023
76.34 1023
75.58 1023
74.82 1022
74.07 1016
73.33 1007
72.60 1023
71.87 1023
71.16 1021
70.44 1019
69.74 1016
69.04 1008
68.35 1023
67.67 1023
66.99 1023
66.32 1020
65.66 1013
65.00 1023
64.35 1023
63.71 1020
63.07 1019
62.44 1018
61.82 1013
61.20 1023
60.59 1023
59.98 1023
59.38 1023
58.79 1017
58.20 1006
57.62 1023
57.04 1022
56.47 1020
55.91 1017
55.35 1014
54.79 1023
54.25 1023
53.70 1023
53.17 1023
52.63 1022
52.11 1014
51.59 1023
51.07 1022
50.56 1020
50.05 1020
49.55 1016
49.06 1010
48.57 1023
48.08 1023
47.60 1023
47.13 1023
46.65 1019
46.19 1008
45.73 1023
45.27 1022
44.82 1020
44.37 1017
43.92 1014
43.48 1023
43.05 1023
42.62 1023
42.19 1023
41.77 1023
41.35 1016
40.94 1023
40.53 1022
40.13 1022
39.72 1020
39.33 1017
38.93 1009
38.54 1023
38.16 1023
37.78 1023
37.40 1023
37.03 1020
36.66 1023
36.29 1023
35.93 1023
35.57 1023
35.21 1021
34.86 1015
34.51 1023
34.16 1023
33.82 1023
33.49 1023
33.15 1023
32.82 1020
32.49 1023
32.17 1023
252.45 534
252.45 135
252.45 119
252.45 135
252.45 143
252.45 159
252.45 174
252.45 182
252.45 188
252.45 189
252.45 187
252.45 187
252.45 189
252.45 192
252.45 195
252.45 200
252.45 205
252.45 210
252.45 213
252.45 216
252.45 217
252.45 221
252.45 222
252.45 227
252.45 231
252.45 234
252.45 239
252.45 247
252.45 250
252.45 256
252.45 262
252.45 265
252.45 269
252.45 277
252.45 283
252.45 289
252.45 294
252.45 303
252.45 317
252.45 341
252.45 380
252.45 469
249.93 829
247.43 1023
244.95 1023
242.50 1023
240.08 1023
237.68 1021
235.30 1021
232.95 1022
230.62 1021
228.31 1023
226.03 1023
223.77 1007
221.53 1023
219.31 1023
217.12 1023
214.95 1023
212.80 1023
210.67 1023
208.57 999
206.48 1023
204.42 1021
202.37 1023
200.35 1023
198.34 1023
196.36 1008
194.40 1023
192.45 1023
190.53 1023
188.62 1023
186.74 1023
184.87 1010
183.02 999
181.19 1021
179.38 1023
177.59 1023
175.81 1023
174.05 1019
172.31 1009
170.59 1023
168.88 1023
167.19 1023
165.52 1023
163.87 1023
162.23 1011
160.61 1001
159.00 1023
157.41 1023
155.83 1023
154.28 1023
152.73 1019
151.21 1011
149.69 995
148.20 1023
146.72 1023
145.25 1023
143.80 1016
142.36 1012
140.93 1003
139.52 1023
138.13 1023
136.75 1023
135.38 1023
134.03 1018
132.69 1009
131.36 995
130.05 1023
128.75 1023
127.46 1023
126.18 1018
124.92 1016
123.67 1005
122.44 1023
121.21 1023
120.00 1023
118.80 1020
117.61 1015
116.44 1010
115.27 996
114.12 1023
112.98 1023
111.85 1022
110.73 1021
109.62 1016
108.53 1007
107.44 1023
106.37 1023
105.30 1023
104.25 1019
103.21 1016
102.17 1008
101.15 996
100.14 1023
99.14 1023
98.15 1023
97.17 1020
96.20 1013
95.23 1023
94.28 1023
93.34 1022
92.40 1019
91.48 1015
90.57 1003
89.66 1023
88.76 1023
87.88 1023
87.00 1021
86.13 1017
85.27 1006
84.41 1023
83.57 1023
82.73 1019
9
71.87 1019
7 1009
78.68 1023
77.89 1023
77.11 1023
76.34 1023
75.58 1019
74.82 1009
74.07 1023
73.33 1023
72.60 1021
71.87 1019
71.169
78.68 1023
77.89 1023
77.11 1023
76.34 1023
75.58 1019
74.82 1009
74.07 1023
73.33 1023
72.60 1021
71.87 1019
71.16 1013
8 1023
77.89 1023
77.11 1023
76.34 1023
75.58 1019
74.82 1009
74.07 1023
73.33 1023
72.60 1021
71.87 1019
71.16 1013
70.44 1000
69.74 1023
69.04 1023
68.35 1023
67.67 1021
66.99 1014
66.32 1023
65.66 1023
65.00 1022
64.35 1020
63.71 1016
63.07 1007
62.44 1023
61.82 1021
61.20 1023
60.59 1022
59.98 1018
59.38 1007
58.79 1023
58.20 1023
57.62 1022
57.04 1018
56.47 1012
55.91 1023
55.35 1023
54.79 1021
54.25 1021
53.70 1020
53.17 1014
52.63 1023
52.11 1023
51.59 1023
51.07 1019
50.56 1014
50.05 1006
49.55 1023
49.06 1020
48.57 1020
48.08 1021
47.60 1017
47.13 1023
46.65 1023
46.19 1023
45.73 1023
45.27 1018
44.82 1010
44.37 1023
43.92 1020
43.48 1019
43.05 1019
42.62 1020
42.19 1012
41.77 1023
41.35 1023
40.94 1023
40.53 1022
40.13 1016
39.72 1023
39.33 1022
38.93 1021
38.54 1020
38.16 1019
37.78 1017
37.40 1023
37.03 1023
36.66 1023
36.29 1023
35.93 1020
35.57 1012
35.21 1023
34.86 1022
34.51 1020
34.16 1020
33.82 1016
33.49 1012
33.15 1023
32.82 1023
32.49 1023
32.17 1023
31.84 1017
31.53 1023
31.21 1022
30.90 1023
30.59 1020
30.28 1018
29.98 1013
29.68 1023
29.38 1023
29.09 1023
28.80 1023
28.51 1021
28.23 1014
27.94 1023
27.66 1023
27.39 1022
27.11 1020
26.84 1017
26.57 1023
26.31 1023
26.05 1023
25.78 1023
25.53 1023
25.27 1021
25.02 1023
24.77 1023
24.52 1023
24.28 1023
24.03 1021
23.79 1016
23.55 1023
23.32 1011
252.45 330
252.45 223
252.45 215
252.45 216
252.45 233
252.45 243
252.45 255
252.45 267
252.45 266
252.45 261
252.45 254
252.45 240
252.45 237
252.45 238
252.45 233
252.45 230
252.45 228
252.45 229
252.45 231
252.45 233
252.45 235
252.45 237
252.45 240
252.45 245
252.45 250
252.45 255
252.45 260
252.45 269
252.45 278
252.45 287
252.45 299
252.45 307
252.45 335
252.45 373
252.45 402
252.45 436
252.45 545
249.93 761
247.43 1022
244.95 1023
242.50 1023
240.08 1020
237.68 1021
235.30 1021
232.95 1021
230.62 1023
228.31 1023
226.03 1004
223.77 1023
221.53 1023
219.31 1023
217.12 1023
214.95 1023
212.80 1023
210.67 994
208.57 1021
206.48 1022
204.42 1023
202.37 1023
200.35 1023
198.34 1005
196.36 1023
194.40 1023
192.45 1023
190.53 1023
188.62 1023
186.74 1009
184.87 995
183.02 1022
181.19 1023
179.38 1023
177.59 1023
175.81 1017
174.05 1006
172.31 1023
170.59 1023
168.88 1023
167.19 1023
165.52 1017
163.87 1010
162.23 997
160.61 1023
159.00 1023
157.41 1023
155.83 1023
154.28 1017
152.73 1007
151.21 1023
149.69 1023
148.20 1023
146.72 1023
145.25 1017
143.80 1013
142.36 1003
140.93 1023
139.52 1023
138.13 1023
136.75 1021
135.38 1017
134.03 1007
132.69 1023
131.36 1023
130.05 1023
128.75 1023
127.46 1021
126.18 1016
124.92 1007
123.67 1023
122.44 1023
121.21 1023
120.00 1022
118.80 1018
117.61 1012
116.44 1023
252.45 496
252.45 199
252.45 144
252.45 144
252.45 154
252.45 161
252.45 173
252.45 177
252.45 181
252.45 180
252.45 178
252.45 177
252.45 179
252.45 181
252.45 183
252.45 183
252.45 184
252.45 184
252.45 185
252.45 187
252.45 192
252.45 193
252.45 197
252.45 200
252.45 203
252.45 209
252.45 219
252.45 225
252.45 231
252.45 236
252.45 241
252.45 247
252.45 263
252.45 302
252.45 334
252.45 413
252.45 574
249.93 1016
247.43 1016
244.95 1023
242.50 1023
240.08 1023
237.68 1023
235.30 1023
232.95 1001
230.62 1021
228.31 1020
226.03 1020
223.77 1022
221.53 1023
219.31 1023
217.12 999
214.95 1023
212.80 1023
210.67 1023
208.57 1023
206.48 1023
204.42 1003
202.37 1020
200.35 1022
198.34 1023
196.36 1023
194.40 1023
192.45 1014
190.53 1001
188.62 1023
186.74 1023
184.87 1023
183.02 1023
181.19 1015
179.38 1006
177.59 1022
175.81 1023
174.05 1023
172.31 1023
170.59 1023
168.88 1016
167.19 1004
165.52 1023
163.87 1023
162.23 1023
160.61 1023
159.00 1016
157.41 1011
155.83 1023

10
165.52 999
16.19 1023
179.38 1013
177.59 1007
175.81 1023
174.05 1023
172.31 1023
170.59 1023
168.88 1023
167.19 1010
165.52 999
163.87 1023
79.38 1013
177.59 1007
175.81 1023
174.05 1023
172.31 1023
170.59 1023
168.88 1023
167.19 1010
165.52 999
163.87 1023
162.2 1013
177.59 1007
175.81 1023
174.05 1023
172.31 1023
170.59 1023
168.88 1023
167.19 1010
165.52 999
163.87 1023
162.23 1023
160.61 1023
159.00 1023
157.41 1016
155.83 1009
154.28 1023
152.73 1023
151.21 1023
149.69 1023
148.20 1018
146.72 1012
145.25 1001
143.80 1023
142.36 1023
140.93 1023
139.52 1023
138.13 1019
136.75 1014
135.38 1023
134.03 1023
132.69 1023
131.36 1023
130.05 1021
128.75 1012
252.45 494
252.45 330
252.45 248
252.45 213
252.45 207
252.45 218
252.45 233
252.45 243
252.45 250
252.45 252
252.45 252
252.45 251
252.45 254
252.45 256
252.45 258
252.45 259
252.45 262
252.45 263
252.45 264
252.45 264
252.45 267
252.45 269
252.45 269
252.45 273
252.45 273
252.45 274
252.45 275
252.45 274
252.45 272
252.45 273
252.45 272
252.45 269
252.45 267
252.45 267
252.45 268
252.45 266
252.45 264
252.45 264
252.45 263
252.45 263
252.45 261
252.45 261
252.45 258
252.45 257
252.45 257
252.45 257
252.45 257
252.45 257
252.45 256
252.45 255
252.45 256
252.45 253
252.45 252
252.45 251
252.45 249
252.45 248
252.45 249
252.45 247
252.45 245
252.45 246
252.45 246
252.45 245
252.45 245
252.45 244
252.45 242
252.45 242
252.45 241
252.45 241
252.45 240
252.45 240
252.45 240
252.45 239
252.45 239
252.45 239
252.45 237
252.45 237
252.45 238
252.45 236
252.45 235
252.45 236
252.45 236
252.45 237
252.45 235
252.45 235
252.45 234
252.45 233
252.45 232
252.45 231
252.45 230
252.45 229
252.45 228
252.45 230
252.45 229
252.45 228
252.45 228
252.45 228
252.45 228
252.45 228
252.45 227
252.45 227
252.45 226
252.45 225
252.45 225
252.45 225
252.45 225
252.45 225
252.45 226
252.45 223
252.45 223
252.45 223
252.45 222
252.45 221
252.45 221
252.45 220
252.45 220
252.45 219
252.45 219
252.45 219
252.45 219
252.45 219
252.45 219
252.45 218
252.45 218
252.45 218
252.45 217
252.45 217
252.45 215
252.45 215
252.45 216
252.45 216
252.45 217
252.45 217
252.45 217
252.45 215
252.45 215
252.45 215
252.45 214
252.45 213
252.45 212
252.45 212
252.45 214
252.45 214
252.45 213
252.45 213
252.45 213
252.45 213
252.45 212
252.45 211
252.45 211
252.45 209
252.45 211
252.45 209
252.45 210
252.45 210
252.45 210
252.45 211
252.45 210
252.45 210
252.45 208
252.45 209
252.45 208
252.45 208
252.45 207
252.45 206
252.45 206
252.45 207
252.45 206
252.45 206
252.45 206
252.45 205
252.45 204
252.45 204
252.45 205
252.45 204
252.45 203
252.45 204
252.45 203
252.45 203
252.45 204
252.45 204
252.45 204
252.45 203
252.45 202
252.45 203
252.45 201
252.45 201
252.45 201
252.45 202
252.45 203
252.45 201
252.45 202
252.45 202
252.45 201
252.45 200
252.45 201
252.45 200
252.45 200
252.45 200
252.45 198
252.45 201
252.45 201
252.45 199
252.45 200
252.45 199
252.45 199
252.45 199
252.45 199
252.45 199
252.45 198
252.45 197
252.45 198
252.45 196
252.45 198
252.45 198
252.45 196
252.45 197
252.45 197
252.45 196
252.45 195
252.45 195
252.45 194
252.45 194
252.45 195
252.45 194
252.45 193
252.45 196
252.45 194
252.45 194
252.45 194
252.45 194
252.45 195
252.45 193
252.45 192
252.45 194
252.45 193
252.45 193
252.45 193
252.45 193
252.45 193
252.45 193
252.45 193
252.45 193
252.45 193
252.45 191
252.45 191
252.45 191
252.45 190
252.45 191
252.45 191
252.45 190
252.45 190
252.45 190
252.45 190
252.45 189
252.45 190
252.45 188
252.45 190
252.45 188
252.45 189
252.45 188
252.45 189
252.45 188
252.45 189
252.45 188
252.45 189
252.45 189
252.45 188
252.45 187
252.45 187
252.45 188
252.45 188
252.45 188
252.45 190
252.45 188
252.45 190
252.45 189
252.45 188
252.45 188
252.45 189
252.45 187
252.45 186
252.45 188
252.45 187
252.45 187
252.45 188
252.45 188
252.45 188
252.45 187
252.45 187
252.45 186
252.45 186
252.45 185
252.45
4 1023
106.37 1019
105.30 1014
104.25 10
114.12 1019
112.98 1018
111.85 1013
110.73 1023
109.62 1023
108.53 1023
107.44 1023
106.37 1019
105.30 1014
104.25 1004
4.12 1019
112.98 1018
111.85 1013
110.73 1023
109.62 1023
108.53 1023
107.44 1023
106.37 1019
105.30 1014
104.25 1004
103.21 1023
102.17 1023
101.15 1023
100.14 1023
99.14 1021
98.15 1013
97.17 1023
96.20 1023
95.23 1023
94.28 1019
93.34 1015
92.40 1005
91.48 1023
90.57 1023
89.66 1022
88.76 1020
87.88 1018
87.00 1006
86.13 1023
85.27 1023
84.41 1022
83.57 1019
82.73 1010
81.91 1023
81.09 1023
80.28 1021
79.47 1020
78.68 1019
77.89 1011
77.11 1023
76.34 1023
75.58 1023
74.82 1022
74.07 1016
73.33 1004
72.60 1023
71.87 1021
71.16 1020
70.44 1020
69.74 1015
69.04 1023
68.35 1023
67.67 1023
66.99 1023
66.32 1020
65.66 1009
65.00 1023
64.35 1023
63.71 1021
63.07 1019
62.44 1017
61.82 1009
61.20 1023
60.59 1023
59.98 1023
59.38 1023
58.79 1016
58.20 1004
57.62 1023
57.04 1021
56.47 1020
55.91 1017
55.35 1013
54.79 1023
54.25 1023
53.70 1023
53.17 1023
52.63 1021
52.11 1012
51.59 1023
51.07 1022
50.56 1022
50.05 1019
49.55 1015
49.06 1008
48.57 1023
48.08 1023
47.60 1023
47.13 1023
46.65 1017
46.19 1023
45.73 1023
45.27 1023
44.82 1021
44.37 1018
43.92 1012
43.48 1023
43.05 1023
42.62 1023
42.19 1023
41.77 1021
41.35 1013
40.94 1023
40.53 1023
40.13 1023
39.72 1021
39.33 1016
38.93 1023
38.54 1023
38.16 1023
37.78 1023
37.40 1023
37.03 1021
36.66 1023
252.45 299
252.45 134
252.45 101
252.45 106
252.45 112
252.45 118
252.45 124
252.45 127
252.45 128
252.45 128
252.45 127
252.45 123
252.45 122
252.45 123
252.45 123
252.45 124
252.45 126
252.45 126
252.45 128
252.45 127
252.45 128
252.45 129
252.45 129
252.45 130
252.45 130
252.45 131
252.45 132
252.45 131
252.45 134
252.45 133
252.45 133
252.45 132
252.45 133
252.45 131
252.45 131
252.45 131
252.45 133
252.45 132
252.45 132
252.45 134
252.45 133
252.45 134
252.45 132
252.45 133
252.45 131
252.45 131
252.45 130
252.45 132
252.45 131
252.45 132
252.45 132
252.45 132
252.45 132
252.45 132
252.45 132
252.45 132
252.45 131
252.45 131
252.45 131
252.45 130
252.45 132
252.45 131
252.45 132
252.45 132
252.45 133
252.45 133
252.45 132
252.45 132
252.45 131
252.45 130
252.45 129
252.45 131
252.45 129
252.45 131
252.45 130
252.45 129
252.45 131
252.45 131
252.45 130
252.45 131
252.45 130
252.45 129
252.45 129
252.45 129
252.45 129
252.45 129
252.45 129
252.45 130
252.45 130
252.45 129
252.45 130
252.45 130
252.45 129
252.45 128
252.45 128
252.45 128
252.45 128
252.45 128
252.45 129
252.45 128
252.45 129
252.45 129
252.45 129
252.45 130
252.45 128
252.45 129
252.45 128
252.45 127
252.45 130
252.45 129
252.45 129
252.45 129
252.45 129
252.45 130
252.45 128
252.45 127
252.45 130
252.45 128
252.45 129
252.45 129
252.45 128
252.45 129
252.45 129
252.45 129
252.45 129
252.45 129
252.45 128
252.45 129
252.45 129
252.45 128
252.45 127
252.45 126
252.45 129
252.45 127
252.45 129
252.45 129
252.45 129
252.45 129
252.45 129
252.45 128
252.45 127
252.45 128
252.45 128
252.45 127
252.45 127
252.45 127
252.45 128
252.45 129
252.45 127
252.45 127
252.45 126
252.45 127
252.45 127
252.45 126
252.45 127
252.45 126
252.45 126
252.45 127
252.45 126
252.45 127
252.45 127
252.45 127
252.45 127
252.45 126
252.45 126
252.45 125
252.45 126
252.45 126
252.45 126
252.45 127
252.45 126
252.45 127
252.45 126
252.45 126
252.45 126
252.45 126
252.45 126
252.45 125
252.45 125
252.45 126
252.45 126
252.45 126
252.45 125
252.45 127
252.45 126
252.45 126
252.45 126
252.45 126
252.45 125
252.45 125
252.45 127
252.45 125
252.45 127
252.45 127
252.45 127
252.45 127
252.45 127
252.45 126
252.45 124
252.45 125
252.45 124
252.45 125
252.45 125
252.45 124
252.45 127
252.45 126
252.45 126
252.45 126
252.45 126
252.45 125
252.45 125
252.45 124
252.45 126
252.45 124
252.45 124
252.45 125
252.45 125
252.45 125
252.45 125
252.45 127
252.45 125
252.45 124
252.45 125
252.45 123
252.45 123

 1019
219.31 1022
217.12 1023
214.95 1023
212.80 1023
210.67 1023
208.57 999
206.48 1020
204.42 1022
202.7 1001
221.53 1019
219.31 1022
217.12 1023
214.95 1023
212.80 1023
210.67 1023
208.57 999
206.48 1020
204.42 1022
202.37 1023
21.53 1019
219.31 1022
217.12 1023
214.95 1023
212.80 1023
210.67 1023
208.57 999
206.48 1020
204.42 1022
202.37 1023
200.35 1023
198.34 1023
196.36 1007
194.40 1023
192.45 1023
190.53 1023
188.62 1023
186.74 1023
184.87 1011
183.02 1000
181.19 1022
179.38 1022
177.59 1023
175.81 1023
174.05 1019
172.31 1012
170.59 1023
168.88 1023
167.19 1023
165.52 1023
163.87 1023
162.23 1013
160.61 1003
159.00 1022
157.41 1023
155.83 1023
154.28 1023
152.73 1021
151.21 1015
149.69 1001
148.20 1023
146.72 1023
145.25 1023
143.80 1020
142.36 1014
140.93 1005
139.52 1022
138.13 1023
136.75 1023
135.38 1023
134.03 1021
132.69 1016
131.36 1002
130.05 1023
128.75 1023
127.46 1023
126.18 1018
124.92 1015
123.67 1007
122.44 1023
121.21 1023
120.00 1023
118.80 1023
117.61 1021
116.44 1016
115.27 1002
114.12 1023
112.98 1023
111.85 1023
110.73 1019
109.62 1019
108.53 1013
107.44 999
106.37 1023
105.30 1023
104.25 1023
103.21 1018
102.17 1013
101.15 1003
100.14 1023
99.14 1023
98.15 1021
97.17 1021
96.20 1018
95.23 1007
94.28 1023
93.34 1023
92.40 1023
91.48 1019
90.57 1011
89.66 997
88.76 1023
87.88 1021
87.00 1019
86.13 1019
85.27 1012
84.41 1023
83.57 1023
82.73 1023
81.91 1022
81.09 1016
80.28 1004
79.47 1023
78.68 1023
77.89 1019
77.11 1019
76.34 1015
75.58 1003
74.82 1023
74.07 1023
73.33 1023
72.60 1020
71.87 1010
71.16 1023
70.44 1023
69.74 1020
69.04 1018
68.35 1016
67.67 1008
66.99 1023
66.32 1023
65.66 1023
65.00 1023
64.35 1016
63.71 1002
63.07 1023
62.44 1020
61.82 1018
61.20 1017
60.59 1011
59.98 1023
59.38 1023
58.79 1023
58.20 1023
57.62 1020
57.04 1010
56.47 1023
55.91 1022
55.35 1021
54.79 1017
54.25 1014
53.70 1004
53.17 1023
52.63 1023
52.11 1023
51.59 1022
51.07 1017
50.56 1023
50.05 1023
49.55 1021
49.06 1019
48.57 1016
48.08 1009
47.60 1023
47.13 1023
46.65 1023
46.19 1023
45.73 1019
45.27 1009
44.82 1023
44.37 1022
43.92 1020
43.48 1018
43.05 1012
42.62 1023
42.19 1023
41.77 1023
41.35 1023
40.94 1022
40.53 1015
40.13 1023
39.72 1023
39.33 1022
38.93 1020
38.54 1016
38.16 1009
37.78 1023
37.40 1023
37.03 1023
36.66 1023
36.29 1019
35.93 1023
35.57 1023
35.21 1022
34.86 1020
34.51 1018
34.16 1014
33.82 1023
33.49 1022
33.15 1023
32.82 1023
32.49 1020
32.17 1014
31.84 1023
31.53 1023
31.21 1022
30.90 1019
30.59 1016
30.28 1023
29.98 1021
29.68 1021
29.38 1023
29.09 1022
28.80 1017
28.51 1023
28.23 1023
27.94 1023
27.66 1022
27.39 1018
27.11 1011
26.84 1022
26.57 1021
26.31 1022
26.05 1022
25.78 1020
25.53 1023
25.27 1023
25.02 1023
24.77 1023
24.52 1021
24.28 1016
24.03 1023
23.79 1022
23.55 1022
23.32 1020
23.09 1020
22.86 1017
22.63 1023
22.40 1023
22.18 1023
21.95 1023
21.74 1018
21.52 1023
21.30 1022
21.09 1022
20.88 1020
20.67 1020
20.46 1018
20.26 1023
20.06 1023
19.86 1023
19.66 1023
19.46 1022
19.27 1013
19.07 1022
18.88 1023
18.69 1020
18.51 1019
18.32 1018
18.14 1023
17.96 1023
17.78 1023
17.60 1023
17.42 1023
17.25 1019
17.08 1023
16.91 1022
16.74 1022
16.57 1021
16.40 1019
16.24 1016
16.08 1023
15.92 1023
15.76 1023
15.60 1023
15.44 1023
15.29 1023
15.14 1023
14.99 1022
14.84 1022
14.69 1021
14.54 1018
14.39 1023
14.25 1023
14.11 1023
13.97 1023
13.83 1023
13.69 1023
13.55 1023
13.42 1023
13.28 1023
13.15 914
252.45 194
252.45 111
252.45 118
252.45 129
252.45 132
252.45 131
252.45 131
252.45 132
252.45 130
252.45 127
252.45 128
252.45 130
252.45 130
252.45 132
252.45 132
252.45 134
252.45 135
252.45 136
252.45 136
252.45 137
252.45 138
252.45 140
252.45 140
252.45 142
252.45 143
252.45 144
252.45 144
252.45 145
252.45 144
252.45 144
252.45 144
252.45 144
252.45 144
252.45 146
252.45 145
252.45 146
252.45 146
252.45 146
252.45 146
252.45 147
252.45 146
252.45 145
252.45 145
252.45 145
252.45 144

252.45 139
252.45 139
252.45 139
252.45 140
252.45 140
252.45 139
252.45 139
252.45 138
45 139
252.45 139
252.45 139
252.45 139
252.45 139
252.45 139
252.45 140
252.45 140
252.45 139
252.45 139
252.45 138
252.45 138
252.45 137
252.45 138
252.45 138
252.45 139
252.45 138
252.45 140
252.45 140
252.45 140
252.45 141
252.45 139
252.45 140
252.45 140
252.45 141
252.45 139
252.45 143
252.45 142
252.45 143
252.45 144
252.45 145
252.45 146
252.45 150
252.45 150
252.45 149
252.45 154
252.45 157
252.45 158
252.45 162
252.45 164
252.45 169
252.45 182
252.45 197
252.45 215
252.45 272
252.45 440
249.93 981
247.43 1021
244.95 1021
242.50 1023
240.08 1023
237.68 1001
235.30 1023
232.95 1023
230.62 1023
228.31 1023
226.03 1023
223.77 1023
221.53 1022
219.31 1021
217.12 1022
214.95 1023
212.80 1023
210.67 1023
208.57 1006
206.48 1023
204.42 1023
202.37 1023
200.35 1023
198.34 1023
196.36 1008
194.40 1020
192.45 1023
190.53 1023
188.62 1023
186.74 1023
184.87 1020
183.02 1009
181.19 1023
179.38 1023
177.59 1023
175.81 1023
174.05 1023
172.31 1010
170.59 999
168.88 1023
167.19 1023
165.52 1023
163.87 1023
162.23 1019
160.61 1007
159.00 1023
157.41 1023
155.83 1023
154.28 1023
152.73 1016
151.21 1013
149.69 1005
148.20 1023
146.72 1023
145.25 1023
143.80 1023
142.36 1016
140.93 1007
139.52 1022
138.13 1023
136.75 1023
135.38 1023
134.03 1021
132.69 1019
131.36 1008
130.05 1023
128.75 1023
127.46 1023
126.18 1019
124.92 1015
123.67 1008
122.44 996
121.21 1023
120.00 1023
118.80 1023
117.61 1022
116.44 1019
115.27 1008
114.12 1023
112.98 1023
111.85 1023
110.73 1020
109.62 1016
108.53 1008
107.44 995
106.37 1023
105.30 1023
104.25 1023
103.21 1023
102.17 1019
101.15 1006
100.14 1023
99.14 1023
98.15 1021
97.17 1018
96.20 1013
95.23 1004
94.28 1023
93.34 1023
92.40 1023
91.48 1023
90.57 1018
89.66 1001
88.76 1023
87.88 1023
87.00 1019
86.13 1016
85.27 1009
84.41 1023
83.57 1023
82.73 1023
81.91 1023
81.09 1021
80.28 1011
79.47 1023
78.68 1023
77.89 1021
77.11 1017
76.34 1012
75.58 1000
74.82 1023
74.07 1023
73.33 1023
72.60 1023
71.87 1016
71.16 1023
70.44 1023
69.74 1021
69.04 1019
68.35 1014
67.67 1005
66.99 1023
66.32 1023
65.66 1023
65.00 1023
64.35 1021
63.71 1010
63.07 1023
62.44 1023
61.82 1020
61.20 1018
60.59 1011
59.98 1023
59.38 1023
58.79 1023
58.20 1023
57.62 1022
57.04 1016
56.47 1023
55.91 1023
55.35 1023
54.79 1020
54.25 1015
53.70 1006
53.17 1023
52.63 1019
52.11 1023
51.59 1022
51.07 1018
50.56 1009
50.05 1023
49.55 1023
49.06 1022
48.57 1017
48.08 1012
47.60 1023
47.13 1021
46.65 1020
46.19 1021
45.73 1021
45.27 1013
44.82 1023
44.37 1023
43.92 1023
43.48 1021
43.05 1014
42.62 1006
42.19 1023
41.77 1019
41.35 1020
40.94 1020
40.53 1018
40.13 1023
39.72 1023
39.33 1023
38.93 1023
38.54 1018
38.16 1011
37.78 1023
37.40 1020
37.03 1019
36.66 1018
36.29 1018
35.93 1013
35.57 1023
35.21 1023
34.86 1023
34.51 1023
34.16 1016
33.82 1023
33.49 1021
33.15 1021
32.82 1020
32.49 1018
32.17 1015
31.84 1023
31.53 1023
31.21 1023
30.90 1023
30.59 1022
30.28 1011
29.98 1021
29.68 1022
29.38 1019
29.09 1018
28.80 1015
28.51 1023
28.23 1023
27.94 1023
27.66 1023
27.39 1023
27.11 1017
26.84 1023
26.57 1021
26.31 1020
26.05 1019
25.78 1017
25.53 1013
25.27 1023
25.02 1020
252.45 268
252.45 135
252.45 107
252.45 106
252.45 104
252.45 112
252.45 118
252.45 139
252.45 138
252.45 124
252.45 113
252.45 112
252.45 111
252.45 109
252.45 111
252.45 112
252.45 115
252.45 116
252.45 118
252.45 120
252.45 122
252.45 124
252.45 128
252.45 132
252.45 136
252.45 139
252.45 143
252.45 147
252.45 148
252.45 150
252.45 151
252.45 152
252.45 148
252.45 153
252.45 154
252.45 159
252.45 166
252.45 169
252.45 172
252.45 173
252.45 178
252.45 182
252.45 185
252.45 189
252.45 196
252.45 204
252.45 207
252.45 207
252.45 229
252.45 254
252.45 286
252.45 334
252.45 357
252.45 373
252.45 389
252.45 404
252.45 421
252.45 450
252.45 490
252.45 572
249.93 627
247.43 702
244.95 994
242.50 15.87
162.23 1023
160.61 1018
159.00 1010
4.05 1023
172.31 1023
170.59 1015
168.88 1009
167.19 1023
165.52 1023
163.87 1023
162.23 1023
160.61 1018
159.00 1010
157.41 93
172.31 1023
170.59 1015
168.88 1009
167.19 1023
165.52 1023
163.87 1023
162.23 1023
160.61 1018
159.00 1010
157.41 997
72.31 1023
170.59 1015
168.88 1009
167.19 1023
165.52 1023
163.87 1023
162.23 1023
160.61 1018
159.00 1010
157.41 997
155.83 1022
154.28 1023
152.73 1023
151.21 1023
149.69 1017
148.20 1010
146.72 1023
145.25 1023
143.80 1023
142.36 1023
140.93 1016
139.52 1009
138.13 996
136.75 1023
135.38 1023
134.03 1023
132.69 1022
131.36 1019
130.05 1009
128.75 1023
127.46 1023
126.18 1023
124.92 1020
123.67 1014
122.44 1010
121.21 998
120.00 1023
118.80 1023
117.61 1023
116.44 1022
115.27 1019
114.12 1008
112.98 1023
111.85 1023
110.73 1023
109.62 1017
108.53 1015
107.44 1011
106.37 1001
105.30 1023
104.25 1023
103.21 1023
102.17 1023
101.15 1015
100.14 1005
99.14 1023
98.15 1023
97.17 1023
96.20 1017
95.23 1016
94.28 1009
93.34 1023
92.40 1023
91.48 1023
90.57 1023
89.66 1014
88.76 999
87.88 1023
87.00 1023
86.13 1017
85.27 1016
84.41 1012
83.57 1023
82.73 1023
81.91 1023
81.09 1023
80.28 1018
79.47 1006
78.68 1023
77.89 1023
77.11 1018
76.34 1015
75.58 1012
74.82 1003
74.07 1023
73.33 1023
72.60 1023
71.87 1023
71.16 1014
70.44 1023
69.74 1023
69.04 1019
68.35 1017
67.67 1013
66.99 1007
66.32 1023
65.66 1023
65.00 1023
64.35 1023
63.71 1019
63.07 1008
62.44 1023
61.82 1019
61.20 1018
60.59 1015
59.98 1010
59.38 1023
58.79 1023
58.20 1023
57.62 1023
57.04 1022
56.47 1014
55.91 1023
55.35 1022
54.79 1019
54.25 1017
53.70 1014
53.17 1005
52.63 1023
52.11 1023
51.59 1023
51.07 1023
50.56 1020
50.05 1023
49.55 1023
49.06 1021
48.57 1019
48.08 1016
47.60 1008
47.13 1023
46.65 1022
46.19 1022
45.73 1023
45.27 1021
44.82 1013
44.37 1023
43.92 1023
43.48 1020
43.05 1017
42.62 1014
42.19 1004
41.77 1021
41.35 1022
40.94 1023
40.53 1022
40.13 1020
39.72 1023
39.33 1023
38.93 1023
38.54 1019
38.16 1016
37.78 1009
37.40 1023
37.03 1019
36.66 1021
36.29 1023
35.93 1021
35.57 1014
35.21 1023
34.86 1023
34.51 1022
34.16 1018
33.82 1013
33.49 1023
33.15 1020
32.82 1019
32.49 1021
32.17 1022
31.84 1016
31.53 1023
31.21 1023
30.90 1023
30.59 1020
30.28 1016
29.98 1009
29.68 1018
29.38 960
252.45 121
252.45 106
252.45 112
252.45 116
252.45 122
252.45 139
252.45 160
252.45 138
252.45 131
252.45 128
252.45 124
252.45 125
252.45 126
252.45 127
252.45 130
252.45 134
252.45 134
252.45 136
252.45 136
252.45 139
252.45 140
252.45 143
252.45 143
252.45 145
252.45 149
252.45 148
252.45 150
252.45 153
252.45 153
252.45 152
252.45 154
252.45 153
252.45 152
252.45 152
252.45 153
252.45 153
252.45 153
252.45 154
252.45 155
252.45 155
252.45 157
252.45 160
252.45 163
252.45 165
252.45 169
252.45 171
252.45 172
252.45 176
252.45 180
252.45 183
252.45 196
252.45 220
252.45 240
252.45 255
252.45 270
252.45 281
252.45 291
252.45 307
252.45 348
252.45 396
252.45 478
252.45 543
249.93 671
247.43 862
244.95 1015
242.50 1023
240.08 1023
237.68 1023
235.30 1023
232.95 1023
230.62 1022
228.31 1022
226.03 1023
223.77 1023
221.53 1023
219.31 1023
217.12 1005
214.95 1023
212.80 1023
210.67 1023
208.57 1023
206.48 1023
204.42 1007
202.37 1020
200.35 1023
198.34 1023
196.36 1023
194.40 1023
192.45 1023
190.53 1008
188.62 1023
186.74 1021
184.87 1023
183.02 1023
181.19 1023
179.38 1012
177.59 1001
175.81 1023
174.05 1023
172.31 1023
170.59 1023
168.88 1017
167.19 1006
165.52 1021
163.87 1022
162.23 1023
160.61 1023
159.00 1023
157.41 1016
155.83 1004
154.28 1023
152.73 1023
151.21 1023
149.69 1023
148.20 1014
146.72 1008
145.25 992
143.80 1022
142.36 1023
140.93 1023
139.52 1022
138.13 1018
136.75 1007
135.38 1023
134.03 1023
132.69 1023
131.36 1018
130.05 1013
128.75 1006
127.46 992
126.18 1023
124.92 1023
123.67 1023
122.44 1022
121.21 1017
120.00 1006
118.80 1023
117.61 1023
116.44 1023
115.27 1017
124
252.45 134
252.45 135
252.45 135
252.45 134
252.45 133
252.45 134
252.45 133
45 133
252.45 135
252.45 134
252.45 134
252.45 134
252.45 135
252.45 135
252.45 134
252.45 133
252.45 134
252.45 133
252.45 
252.45 135
252.45 134
252.45 134
252.45 134
252.45 135
252.45 135
252.45 134
252.45 133
252.45 134
252.45 133
252.45 133
252.45 133
252.45 133
252.45 133
252.45 134
252.45 133
252.45 133
252.45 134
252.45 133
252.45 132
252.45 132
252.45 132
252.45 132
252.45 132
252.45 132
252.45 132
252.45 132
252.45 132
252.45 133
252.45 133
252.45 133
252.45 132
252.45 132
252.45 132
252.45 131
252.45 131
252.45 131
252.45 131
252.45 132
252.45 132
252.45 131
252.45 133
252.45 132
252.45 131
252.45 131
252.45 130
252.45 131
252.45 131
252.45 130
252.45 131
252.45 131
252.45 132
252.45 131
252.45 131
252.45 131
252.45 131
252.45 130
252.45 131
252.45 128
252.45 130
252.45 130
252.45 130
252.45 131
252.45 131
252.45 130
252.45 131
252.45 130
252.45 130
252.45 130
252.45 129
252.45 130
252.45 130
252.45 128
252.45 129
252.45 130
252.45 130
252.45 130
252.45 130
252.45 129
252.45 131
252.45 128
252.45 128
252.45 128
252.45 129
252.45 129
252.45 129
252.45 129
252.45 129
252.45 129
252.45 129
252.45 129
252.45 128
252.45 128
252.45 127
252.45 127
252.45 128
252.45 128
252.45 128
252.45 129
252.45 129
252.45 130
252.45 129
252.45 130
252.45 129
252.45 128
252.45 128
252.45 129
252.45 128
252.45 129
252.45 129
252.45 129
252.45 130
252.45 129
252.45 129
252.45 128
252.45 128
252.45 128
252.45 127
252.45 128
252.45 129
252.45 128
252.45 128
252.45 130
252.45 129
252.45 131
252.45 129
252.45 129
252.45 129
252.45 130
252.45 127
252.45 128
252.45 129
252.45 130
252.45 129
252.45 130
252.45 130
252.45 129
252.45 130
252.45 131
252.45 129
252.45 129
252.45 130
252.45 129
252.45 129
252.45 129
252.45 131
252.45 129
252.45 130
252.45 131
252.45 132
252.45 131
252.45 130
252.45 131
252.45 132
252.45 130
252.45 130
252.45 130
252.45 130
252.45 131
252.45 131
252.45 132
252.45 131
252.45 130
252.45 131
252.45 131
252.45 130
252.45 130
252.45 130
252.45 131
252.45 131
252.45 132
252.45 131
252.45 132
252.45 132
252.45 132
252.45 131
252.45 130
252.45 131
252.45 131
252.45 131
252.45 131
252.45 131
252.45 132
252.45 132
252.45 132
252.45 131
252.45 131
252.45 131
252.45 131
252.45 131
252.45 132
252.45 131
252.45 132
252.45 132
252.45 133
252.45 134
252.45 133
252.45 132
252.45 132
252.45 131
252.45 130
252.45 132
252.45 131
252.45 131
252.45 132
252.45 132
252.45 132
252.45 132
252.45 133
252.45 132
252.45 132
252.45 132
252.45 130
252.45 131
252.45 131
252.45 132
252.45 132
252.45 132
252.45 133
252.45 132
252.45 131
252.45 135
252.45 132
252.45 131
252.45 132
252.45 132
252.45 132
252.45 132
252.45 132
252.45 131
252.45 131
252.45 134
252.45 132
252.45 132
252.45 131
252.45 132
252.45 130
252.45 131
252.45 132
252.45 132
252.45 132
252.45 132
252.45 132
252.45 132
252.45 131
252.45 132
252.45 133
252.45 131
252.45 130
252.45 131
252.45 131
252.45 132
252.45 131
252.45 133
252.45 132
252.45 132
252.45 132
252.45 132
252.45 132
252.45 132
252.45 132
252.45 131
252.45 131
252.45 133
252.45 131
252.45 134
252.45 133
252.45 134
252.45 133
252.45 134
252.45 131
252.45 130
252.45 132
252.45 131
252.45 131
252.45 133
252.45 132
252.45 132
252.45 133
252.45 133
252.45 133
252.45 131
252.45 132
252.45 133
252.45 132
252.45 132
252.45 132
252.45 133
252.45 133
252.45 133
252.45 133
252.45 132
252.45 133
252.45 132
252.45 131
252.45 131
252.45 132
252.45 132
252.45 132
252.45 132
252.45 132
252.45 133
252.45 133
252.45 132
252.45 132
252.45 133
252.45 133
252.45 134
252.45 132
252.45 132
252.45 132
252.45 133
252.45 132
252.45 133
252.45 132
252.45 133
252.45 132
252.45 133
252.45 132
252.45 130
252.45 132
252.45 132
252.45 132
252.45 132
252.45 132
252.45 132
252.45 133
252.45 133
252.45 132
252.45 134
252.45 132
252.45 133
252.45 132
252.45 132
252.45 133
252.45 132
252